client_device_id, server_device_id, phone_vendor, bt_version, bt_vendor, mtu, comm_method, conn_int, latency_op_return,wifi_rate,wifi_dir,wifi_target
PPR1.180610.011.A505USQU3ASL6, OPSS28.85-17-6, unknown, unknown, unknown,23, write_cmd,0,5967192,1K,in,client
PPR1.180610.011.A505USQU3ASL6, OPSS28.85-17-6, unknown, unknown, unknown,23, write_cmd,0,3196539,1K,in,client
PPR1.180610.011.A505USQU3ASL6, OPSS28.85-17-6, unknown, unknown, unknown,23, write_cmd,0,2515423,1K,in,client
PPR1.180610.011.A505USQU3ASL6, OPSS28.85-17-6, unknown, unknown, unknown,23, write_cmd,0,4169962,1K,in,client
PPR1.180610.011.A505USQU3ASL6, OPSS28.85-17-6, unknown, unknown, unknown,23, write_cmd,0,2791731,1K,in,client
PPR1.180610.011.A505USQU3ASL6, OPSS28.85-17-6, unknown, unknown, unknown,23, write_cmd,0,2897577,1K,in,client
PPR1.180610.011.A505USQU3ASL6, OPSS28.85-17-6, unknown, unknown, unknown,23, write_cmd,0,3364538,1K,in,client
PPR1.180610.011.A505USQU3ASL6, OPSS28.85-17-6, unknown, unknown, unknown,23, write_cmd,0,3540346,1K,in,client
PPR1.180610.011.A505USQU3ASL6, OPSS28.85-17-6, unknown, unknown, unknown,23, write_cmd,0,3075308,1K,in,client
PPR1.180610.011.A505USQU3ASL6, OPSS28.85-17-6, unknown, unknown, unknown,23, write_cmd,0,4495923,1K,in,client
PPR1.180610.011.A505USQU3ASL6, OPSS28.85-17-6, unknown, unknown, unknown,23, write_cmd,0,3951654,1K,in,client
PPR1.180610.011.A505USQU3ASL6, OPSS28.85-17-6, unknown, unknown, unknown,23, write_cmd,0,2544577,1K,in,client
PPR1.180610.011.A505USQU3ASL6, OPSS28.85-17-6, unknown, unknown, unknown,23, write_cmd,0,3307731,1K,in,client
PPR1.180610.011.A505USQU3ASL6, OPSS28.85-17-6, unknown, unknown, unknown,23, write_cmd,0,7424538,1K,in,client
PPR1.180610.011.A505USQU3ASL6, OPSS28.85-17-6, unknown, unknown, unknown,23, write_cmd,0,9100193,1K,in,client
PPR1.180610.011.A505USQU3ASL6, OPSS28.85-17-6, unknown, unknown, unknown,23, write_cmd,0,6037539,1K,in,client
PPR1.180610.011.A505USQU3ASL6, OPSS28.85-17-6, unknown, unknown, unknown,23, write_cmd,0,5358230,1K,in,client
PPR1.180610.011.A505USQU3ASL6, OPSS28.85-17-6, unknown, unknown, unknown,23, write_cmd,0,5028923,1K,in,client
PPR1.180610.011.A505USQU3ASL6, OPSS28.85-17-6, unknown, unknown, unknown,23, write_cmd,0,4967538,1K,in,client
PPR1.180610.011.A505USQU3ASL6, OPSS28.85-17-6, unknown, unknown, unknown,23, write_cmd,0,4424423,1K,in,client
PPR1.180610.011.A505USQU3ASL6, OPSS28.85-17-6, unknown, unknown, unknown,23, write_cmd,0,4588038,1K,in,client
PPR1.180610.011.A505USQU3ASL6, OPSS28.85-17-6, unknown, unknown, unknown,23, write_cmd,0,4919423,1K,in,client
PPR1.180610.011.A505USQU3ASL6, OPSS28.85-17-6, unknown, unknown, unknown,23, write_cmd,0,3777269,1K,in,client
PPR1.180610.011.A505USQU3ASL6, OPSS28.85-17-6, unknown, unknown, unknown,23, write_cmd,0,5013307,1K,in,client
PPR1.180610.011.A505USQU3ASL6, OPSS28.85-17-6, unknown, unknown, unknown,23, write_cmd,0,4452884,1K,in,client
PPR1.180610.011.A505USQU3ASL6, OPSS28.85-17-6, unknown, unknown, unknown,23, write_cmd,0,5470154,1K,in,client
PPR1.180610.011.A505USQU3ASL6, OPSS28.85-17-6, unknown, unknown, unknown,23, write_cmd,0,4364192,1K,in,client
PPR1.180610.011.A505USQU3ASL6, OPSS28.85-17-6, unknown, unknown, unknown,23, write_cmd,0,3703500,1K,in,client
PPR1.180610.011.A505USQU3ASL6, OPSS28.85-17-6, unknown, unknown, unknown,23, write_cmd,0,3230731,1K,in,client
PPR1.180610.011.A505USQU3ASL6, OPSS28.85-17-6, unknown, unknown, unknown,23, write_cmd,0,4578154,1K,in,client
PPR1.180610.011.A505USQU3ASL6, OPSS28.85-17-6, unknown, unknown, unknown,23, write_cmd,0,4612039,1K,in,client
PPR1.180610.011.A505USQU3ASL6, OPSS28.85-17-6, unknown, unknown, unknown,23, write_cmd,0,3934500,1K,in,client
PPR1.180610.011.A505USQU3ASL6, OPSS28.85-17-6, unknown, unknown, unknown,23, write_cmd,0,4221269,1K,in,client
PPR1.180610.011.A505USQU3ASL6, OPSS28.85-17-6, unknown, unknown, unknown,23, write_cmd,0,7036077,1K,in,client
PPR1.180610.011.A505USQU3ASL6, OPSS28.85-17-6, unknown, unknown, unknown,23, write_cmd,0,3115731,1K,in,client
PPR1.180610.011.A505USQU3ASL6, OPSS28.85-17-6, unknown, unknown, unknown,23, write_cmd,0,3756962,1K,in,client
PPR1.180610.011.A505USQU3ASL6, OPSS28.85-17-6, unknown, unknown, unknown,23, write_cmd,0,3674807,1K,in,client
PPR1.180610.011.A505USQU3ASL6, OPSS28.85-17-6, unknown, unknown, unknown,23, write_cmd,0,3878269,1K,in,client
PPR1.180610.011.A505USQU3ASL6, OPSS28.85-17-6, unknown, unknown, unknown,23, write_cmd,0,3848192,1K,in,client
PPR1.180610.011.A505USQU3ASL6, OPSS28.85-17-6, unknown, unknown, unknown,23, write_cmd,0,3551885,1K,in,client
PPR1.180610.011.A505USQU3ASL6, OPSS28.85-17-6, unknown, unknown, unknown,23, write_cmd,0,3803884,1K,in,client
PPR1.180610.011.A505USQU3ASL6, OPSS28.85-17-6, unknown, unknown, unknown,23, write_cmd,0,4637924,1K,in,client
PPR1.180610.011.A505USQU3ASL6, OPSS28.85-17-6, unknown, unknown, unknown,23, write_cmd,0,3052500,1K,in,client
PPR1.180610.011.A505USQU3ASL6, OPSS28.85-17-6, unknown, unknown, unknown,23, write_cmd,0,3218269,1K,in,client
PPR1.180610.011.A505USQU3ASL6, OPSS28.85-17-6, unknown, unknown, unknown,23, write_cmd,0,9054615,1K,in,client
PPR1.180610.011.A505USQU3ASL6, OPSS28.85-17-6, unknown, unknown, unknown,23, write_cmd,0,8682693,1K,in,client
PPR1.180610.011.A505USQU3ASL6, OPSS28.85-17-6, unknown, unknown, unknown,23, write_cmd,0,4905423,1K,in,client
PPR1.180610.011.A505USQU3ASL6, OPSS28.85-17-6, unknown, unknown, unknown,23, write_cmd,0,5723615,1K,in,client
PPR1.180610.011.A505USQU3ASL6, OPSS28.85-17-6, unknown, unknown, unknown,23, write_cmd,0,5063885,1K,in,client
PPR1.180610.011.A505USQU3ASL6, OPSS28.85-17-6, unknown, unknown, unknown,23, write_cmd,0,5853846,1K,in,client
PPR1.180610.011.A505USQU3ASL6, OPSS28.85-17-6, unknown, unknown, unknown,23, write_cmd,0,4728961,1K,in,client
PPR1.180610.011.A505USQU3ASL6, OPSS28.85-17-6, unknown, unknown, unknown,23, write_cmd,0,4618346,1K,in,client
PPR1.180610.011.A505USQU3ASL6, OPSS28.85-17-6, unknown, unknown, unknown,23, write_cmd,0,6157346,1K,in,client
PPR1.180610.011.A505USQU3ASL6, OPSS28.85-17-6, unknown, unknown, unknown,23, write_cmd,0,3482692,1K,in,client
PPR1.180610.011.A505USQU3ASL6, OPSS28.85-17-6, unknown, unknown, unknown,23, write_cmd,0,4589153,1K,in,client
PPR1.180610.011.A505USQU3ASL6, OPSS28.85-17-6, unknown, unknown, unknown,23, write_cmd,0,3925538,1K,in,client
PPR1.180610.011.A505USQU3ASL6, OPSS28.85-17-6, unknown, unknown, unknown,23, write_cmd,0,3742461,1K,in,client
PPR1.180610.011.A505USQU3ASL6, OPSS28.85-17-6, unknown, unknown, unknown,23, write_cmd,0,4036923,1K,in,client
PPR1.180610.011.A505USQU3ASL6, OPSS28.85-17-6, unknown, unknown, unknown,23, write_cmd,0,5205500,1K,in,client
PPR1.180610.011.A505USQU3ASL6, OPSS28.85-17-6, unknown, unknown, unknown,23, write_cmd,0,6592039,1K,in,client
PPR1.180610.011.A505USQU3ASL6, OPSS28.85-17-6, unknown, unknown, unknown,23, write_cmd,0,4181346,1K,in,client
PPR1.180610.011.A505USQU3ASL6, OPSS28.85-17-6, unknown, unknown, unknown,23, write_cmd,0,4259270,1K,in,client
PPR1.180610.011.A505USQU3ASL6, OPSS28.85-17-6, unknown, unknown, unknown,23, write_cmd,0,5095307,1K,in,client
PPR1.180610.011.A505USQU3ASL6, OPSS28.85-17-6, unknown, unknown, unknown,23, write_cmd,0,4507000,1K,in,client
PPR1.180610.011.A505USQU3ASL6, OPSS28.85-17-6, unknown, unknown, unknown,23, write_cmd,0,4461653,1K,in,client
PPR1.180610.011.A505USQU3ASL6, OPSS28.85-17-6, unknown, unknown, unknown,23, write_cmd,0,6568039,1K,in,client
PPR1.180610.011.A505USQU3ASL6, OPSS28.85-17-6, unknown, unknown, unknown,23, write_cmd,0,3980230,1K,in,client
PPR1.180610.011.A505USQU3ASL6, OPSS28.85-17-6, unknown, unknown, unknown,23, write_cmd,0,4478231,1K,in,client
PPR1.180610.011.A505USQU3ASL6, OPSS28.85-17-6, unknown, unknown, unknown,23, write_cmd,0,3791962,1K,in,client
PPR1.180610.011.A505USQU3ASL6, OPSS28.85-17-6, unknown, unknown, unknown,23, write_cmd,0,3937384,1K,in,client
PPR1.180610.011.A505USQU3ASL6, OPSS28.85-17-6, unknown, unknown, unknown,23, write_cmd,0,4410846,1K,in,client
PPR1.180610.011.A505USQU3ASL6, OPSS28.85-17-6, unknown, unknown, unknown,23, write_cmd,0,4060039,1K,in,client
PPR1.180610.011.A505USQU3ASL6, OPSS28.85-17-6, unknown, unknown, unknown,23, write_cmd,0,3829115,1K,in,client
PPR1.180610.011.A505USQU3ASL6, OPSS28.85-17-6, unknown, unknown, unknown,23, write_cmd,0,3898347,1K,in,client
PPR1.180610.011.A505USQU3ASL6, OPSS28.85-17-6, unknown, unknown, unknown,23, write_cmd,0,3484038,1K,in,client
PPR1.180610.011.A505USQU3ASL6, OPSS28.85-17-6, unknown, unknown, unknown,23, write_cmd,0,4541230,1K,in,client
PPR1.180610.011.A505USQU3ASL6, OPSS28.85-17-6, unknown, unknown, unknown,23, write_cmd,0,3627769,1K,in,client
PPR1.180610.011.A505USQU3ASL6, OPSS28.85-17-6, unknown, unknown, unknown,23, write_cmd,0,3282038,1K,in,client
PPR1.180610.011.A505USQU3ASL6, OPSS28.85-17-6, unknown, unknown, unknown,23, write_cmd,0,4805116,1K,in,client
PPR1.180610.011.A505USQU3ASL6, OPSS28.85-17-6, unknown, unknown, unknown,23, write_cmd,0,4610077,1K,in,client
PPR1.180610.011.A505USQU3ASL6, OPSS28.85-17-6, unknown, unknown, unknown,23, write_cmd,0,3205577,1K,in,client
PPR1.180610.011.A505USQU3ASL6, OPSS28.85-17-6, unknown, unknown, unknown,23, write_cmd,0,5950116,1K,in,client
PPR1.180610.011.A505USQU3ASL6, OPSS28.85-17-6, unknown, unknown, unknown,23, write_cmd,0,3732539,1K,in,client
PPR1.180610.011.A505USQU3ASL6, OPSS28.85-17-6, unknown, unknown, unknown,23, write_cmd,0,3104231,1K,in,client
PPR1.180610.011.A505USQU3ASL6, OPSS28.85-17-6, unknown, unknown, unknown,23, write_cmd,0,3480154,1K,in,client
PPR1.180610.011.A505USQU3ASL6, OPSS28.85-17-6, unknown, unknown, unknown,23, write_cmd,0,3927539,1K,in,client
PPR1.180610.011.A505USQU3ASL6, OPSS28.85-17-6, unknown, unknown, unknown,23, write_cmd,0,5121000,1K,in,client
PPR1.180610.011.A505USQU3ASL6, OPSS28.85-17-6, unknown, unknown, unknown,23, write_cmd,0,4397693,1K,in,client
PPR1.180610.011.A505USQU3ASL6, OPSS28.85-17-6, unknown, unknown, unknown,23, write_cmd,0,4320653,1K,in,client
PPR1.180610.011.A505USQU3ASL6, OPSS28.85-17-6, unknown, unknown, unknown,23, write_cmd,0,5877308,1K,in,client
PPR1.180610.011.A505USQU3ASL6, OPSS28.85-17-6, unknown, unknown, unknown,23, write_cmd,0,4313769,1K,in,client
PPR1.180610.011.A505USQU3ASL6, OPSS28.85-17-6, unknown, unknown, unknown,23, write_cmd,0,3989962,1K,in,client
PPR1.180610.011.A505USQU3ASL6, OPSS28.85-17-6, unknown, unknown, unknown,23, write_cmd,0,4325885,1K,in,client
PPR1.180610.011.A505USQU3ASL6, OPSS28.85-17-6, unknown, unknown, unknown,23, write_cmd,0,5073039,1K,in,client
PPR1.180610.011.A505USQU3ASL6, OPSS28.85-17-6, unknown, unknown, unknown,23, write_cmd,0,5276769,1K,in,client
PPR1.180610.011.A505USQU3ASL6, OPSS28.85-17-6, unknown, unknown, unknown,23, write_cmd,0,4084769,1K,in,client
PPR1.180610.011.A505USQU3ASL6, OPSS28.85-17-6, unknown, unknown, unknown,23, write_cmd,0,4915577,1K,in,client
PPR1.180610.011.A505USQU3ASL6, OPSS28.85-17-6, unknown, unknown, unknown,23, write_cmd,0,3951577,1K,in,client
PPR1.180610.011.A505USQU3ASL6, OPSS28.85-17-6, unknown, unknown, unknown,23, write_cmd,0,3831270,1K,in,client
PPR1.180610.011.A505USQU3ASL6, OPSS28.85-17-6, unknown, unknown, unknown,23, write_cmd,0,5065770,1K,in,client
PPR1.180610.011.A505USQU3ASL6, OPSS28.85-17-6, unknown, unknown, unknown,23, write_cmd,0,6071923,1K,in,client
PPR1.180610.011.A505USQU3ASL6, OPSS28.85-17-6, unknown, unknown, unknown,23, write_cmd,0,4044846,1K,in,client
PPR1.180610.011.A505USQU3ASL6, OPSS28.85-17-6, unknown, unknown, unknown,23, write_cmd,0,5145923,1K,in,client
PPR1.180610.011.A505USQU3ASL6, OPSS28.85-17-6, unknown, unknown, unknown,23, write_cmd,0,6535500,1K,in,client
PPR1.180610.011.A505USQU3ASL6, OPSS28.85-17-6, unknown, unknown, unknown,23, write_cmd,0,4508808,1K,in,client
PPR1.180610.011.A505USQU3ASL6, OPSS28.85-17-6, unknown, unknown, unknown,23, write_cmd,0,4208500,1K,in,client
PPR1.180610.011.A505USQU3ASL6, OPSS28.85-17-6, unknown, unknown, unknown,23, write_cmd,0,3838615,1K,in,client
PPR1.180610.011.A505USQU3ASL6, OPSS28.85-17-6, unknown, unknown, unknown,23, write_cmd,0,4217384,1K,in,client
PPR1.180610.011.A505USQU3ASL6, OPSS28.85-17-6, unknown, unknown, unknown,23, write_cmd,0,6595269,1K,in,client
PPR1.180610.011.A505USQU3ASL6, OPSS28.85-17-6, unknown, unknown, unknown,23, write_cmd,0,8086230,1K,in,client
PPR1.180610.011.A505USQU3ASL6, OPSS28.85-17-6, unknown, unknown, unknown,23, write_cmd,0,2919961,1K,in,client
PPR1.180610.011.A505USQU3ASL6, OPSS28.85-17-6, unknown, unknown, unknown,23, write_cmd,0,3056807,1K,in,client
PPR1.180610.011.A505USQU3ASL6, OPSS28.85-17-6, unknown, unknown, unknown,23, write_cmd,0,4458231,1K,in,client
PPR1.180610.011.A505USQU3ASL6, OPSS28.85-17-6, unknown, unknown, unknown,23, write_cmd,0,3038347,1K,in,client
PPR1.180610.011.A505USQU3ASL6, OPSS28.85-17-6, unknown, unknown, unknown,23, write_cmd,0,3939770,1K,in,client
PPR1.180610.011.A505USQU3ASL6, OPSS28.85-17-6, unknown, unknown, unknown,23, write_cmd,0,3825039,1K,in,client
PPR1.180610.011.A505USQU3ASL6, OPSS28.85-17-6, unknown, unknown, unknown,23, write_cmd,0,3789115,1K,in,client
PPR1.180610.011.A505USQU3ASL6, OPSS28.85-17-6, unknown, unknown, unknown,23, write_cmd,0,6634346,1K,in,client
PPR1.180610.011.A505USQU3ASL6, OPSS28.85-17-6, unknown, unknown, unknown,23, write_cmd,0,6085577,1K,in,client
PPR1.180610.011.A505USQU3ASL6, OPSS28.85-17-6, unknown, unknown, unknown,23, write_cmd,0,5323808,1K,in,client
PPR1.180610.011.A505USQU3ASL6, OPSS28.85-17-6, unknown, unknown, unknown,23, write_cmd,0,4329769,1K,in,client
PPR1.180610.011.A505USQU3ASL6, OPSS28.85-17-6, unknown, unknown, unknown,23, write_cmd,0,3682577,1K,in,client
PPR1.180610.011.A505USQU3ASL6, OPSS28.85-17-6, unknown, unknown, unknown,23, write_cmd,0,3664884,1K,in,client
PPR1.180610.011.A505USQU3ASL6, OPSS28.85-17-6, unknown, unknown, unknown,23, write_cmd,0,3302270,1K,in,client
PPR1.180610.011.A505USQU3ASL6, OPSS28.85-17-6, unknown, unknown, unknown,23, write_cmd,0,4313692,1K,in,client
PPR1.180610.011.A505USQU3ASL6, OPSS28.85-17-6, unknown, unknown, unknown,23, write_cmd,0,5109654,1K,in,client
PPR1.180610.011.A505USQU3ASL6, OPSS28.85-17-6, unknown, unknown, unknown,23, write_cmd,0,5169423,1K,in,client
PPR1.180610.011.A505USQU3ASL6, OPSS28.85-17-6, unknown, unknown, unknown,23, write_cmd,0,3688193,1K,in,client
PPR1.180610.011.A505USQU3ASL6, OPSS28.85-17-6, unknown, unknown, unknown,23, write_cmd,0,5255846,1K,in,client
PPR1.180610.011.A505USQU3ASL6, OPSS28.85-17-6, unknown, unknown, unknown,23, write_cmd,0,5290923,1K,in,client
PPR1.180610.011.A505USQU3ASL6, OPSS28.85-17-6, unknown, unknown, unknown,23, write_cmd,0,4828346,1K,in,client
PPR1.180610.011.A505USQU3ASL6, OPSS28.85-17-6, unknown, unknown, unknown,23, write_cmd,0,4288731,1K,in,client
PPR1.180610.011.A505USQU3ASL6, OPSS28.85-17-6, unknown, unknown, unknown,23, write_cmd,0,5251847,1K,in,client
PPR1.180610.011.A505USQU3ASL6, OPSS28.85-17-6, unknown, unknown, unknown,23, write_cmd,0,4371000,1K,in,client
PPR1.180610.011.A505USQU3ASL6, OPSS28.85-17-6, unknown, unknown, unknown,23, write_cmd,0,4399615,1K,in,client
PPR1.180610.011.A505USQU3ASL6, OPSS28.85-17-6, unknown, unknown, unknown,23, write_cmd,0,4937653,1K,in,client
PPR1.180610.011.A505USQU3ASL6, OPSS28.85-17-6, unknown, unknown, unknown,23, write_cmd,0,3635193,1K,in,client
PPR1.180610.011.A505USQU3ASL6, OPSS28.85-17-6, unknown, unknown, unknown,23, write_cmd,0,5335385,1K,in,client
PPR1.180610.011.A505USQU3ASL6, OPSS28.85-17-6, unknown, unknown, unknown,23, write_cmd,0,5141847,1K,in,client
PPR1.180610.011.A505USQU3ASL6, OPSS28.85-17-6, unknown, unknown, unknown,23, write_cmd,0,5535731,1K,in,client
PPR1.180610.011.A505USQU3ASL6, OPSS28.85-17-6, unknown, unknown, unknown,23, write_cmd,0,3429924,1K,in,client
PPR1.180610.011.A505USQU3ASL6, OPSS28.85-17-6, unknown, unknown, unknown,23, write_cmd,0,3302692,1K,in,client
PPR1.180610.011.A505USQU3ASL6, OPSS28.85-17-6, unknown, unknown, unknown,23, write_cmd,0,5625846,1K,in,client
PPR1.180610.011.A505USQU3ASL6, OPSS28.85-17-6, unknown, unknown, unknown,23, write_cmd,0,4529270,1K,in,client
PPR1.180610.011.A505USQU3ASL6, OPSS28.85-17-6, unknown, unknown, unknown,23, write_cmd,0,3165038,1K,in,client
PPR1.180610.011.A505USQU3ASL6, OPSS28.85-17-6, unknown, unknown, unknown,23, write_cmd,0,4591077,1K,in,client
PPR1.180610.011.A505USQU3ASL6, OPSS28.85-17-6, unknown, unknown, unknown,23, write_cmd,0,4820538,1K,in,client
PPR1.180610.011.A505USQU3ASL6, OPSS28.85-17-6, unknown, unknown, unknown,23, write_cmd,0,3451500,1K,in,client
PPR1.180610.011.A505USQU3ASL6, OPSS28.85-17-6, unknown, unknown, unknown,23, write_cmd,0,6691269,1K,in,client
PPR1.180610.011.A505USQU3ASL6, OPSS28.85-17-6, unknown, unknown, unknown,23, write_cmd,0,3797307,1K,in,client
PPR1.180610.011.A505USQU3ASL6, OPSS28.85-17-6, unknown, unknown, unknown,23, write_cmd,0,3672577,1K,in,client
PPR1.180610.011.A505USQU3ASL6, OPSS28.85-17-6, unknown, unknown, unknown,23, write_cmd,0,9878385,1K,in,client
PPR1.180610.011.A505USQU3ASL6, OPSS28.85-17-6, unknown, unknown, unknown,23, write_cmd,0,3338231,1K,in,client
PPR1.180610.011.A505USQU3ASL6, OPSS28.85-17-6, unknown, unknown, unknown,23, write_cmd,0,3591846,1K,in,client
PPR1.180610.011.A505USQU3ASL6, OPSS28.85-17-6, unknown, unknown, unknown,23, write_cmd,0,8166193,1K,in,client
PPR1.180610.011.A505USQU3ASL6, OPSS28.85-17-6, unknown, unknown, unknown,23, write_cmd,0,4138577,1K,in,client
PPR1.180610.011.A505USQU3ASL6, OPSS28.85-17-6, unknown, unknown, unknown,23, write_cmd,0,3927923,1K,in,client
PPR1.180610.011.A505USQU3ASL6, OPSS28.85-17-6, unknown, unknown, unknown,23, write_cmd,0,3154769,1K,in,client
PPR1.180610.011.A505USQU3ASL6, OPSS28.85-17-6, unknown, unknown, unknown,23, write_cmd,0,3266615,1K,in,client
PPR1.180610.011.A505USQU3ASL6, OPSS28.85-17-6, unknown, unknown, unknown,23, write_cmd,0,7143847,1K,in,client
PPR1.180610.011.A505USQU3ASL6, OPSS28.85-17-6, unknown, unknown, unknown,23, write_cmd,0,3788500,1K,in,client
PPR1.180610.011.A505USQU3ASL6, OPSS28.85-17-6, unknown, unknown, unknown,23, write_cmd,0,5036653,1K,in,client
PPR1.180610.011.A505USQU3ASL6, OPSS28.85-17-6, unknown, unknown, unknown,23, write_cmd,0,5954923,1K,in,client
PPR1.180610.011.A505USQU3ASL6, OPSS28.85-17-6, unknown, unknown, unknown,23, write_cmd,0,3484577,1K,in,client
PPR1.180610.011.A505USQU3ASL6, OPSS28.85-17-6, unknown, unknown, unknown,23, write_cmd,0,3876346,1K,in,client
PPR1.180610.011.A505USQU3ASL6, OPSS28.85-17-6, unknown, unknown, unknown,23, write_cmd,0,4634193,1K,in,client
PPR1.180610.011.A505USQU3ASL6, OPSS28.85-17-6, unknown, unknown, unknown,23, write_cmd,0,4502000,1K,in,client
PPR1.180610.011.A505USQU3ASL6, OPSS28.85-17-6, unknown, unknown, unknown,23, write_cmd,0,4889231,1K,in,client
PPR1.180610.011.A505USQU3ASL6, OPSS28.85-17-6, unknown, unknown, unknown,23, write_cmd,0,4293000,1K,in,client
PPR1.180610.011.A505USQU3ASL6, OPSS28.85-17-6, unknown, unknown, unknown,23, write_cmd,0,3456346,1K,in,client
PPR1.180610.011.A505USQU3ASL6, OPSS28.85-17-6, unknown, unknown, unknown,23, write_cmd,0,4032116,1K,in,client
PPR1.180610.011.A505USQU3ASL6, OPSS28.85-17-6, unknown, unknown, unknown,23, write_cmd,0,4033500,1K,in,client
PPR1.180610.011.A505USQU3ASL6, OPSS28.85-17-6, unknown, unknown, unknown,23, write_cmd,0,6261731,1K,in,client
PPR1.180610.011.A505USQU3ASL6, OPSS28.85-17-6, unknown, unknown, unknown,23, write_cmd,0,4221769,1K,in,client
PPR1.180610.011.A505USQU3ASL6, OPSS28.85-17-6, unknown, unknown, unknown,23, write_cmd,0,3783308,1K,in,client
PPR1.180610.011.A505USQU3ASL6, OPSS28.85-17-6, unknown, unknown, unknown,23, write_cmd,0,3476924,1K,in,client
PPR1.180610.011.A505USQU3ASL6, OPSS28.85-17-6, unknown, unknown, unknown,23, write_cmd,0,4911423,1K,in,client
PPR1.180610.011.A505USQU3ASL6, OPSS28.85-17-6, unknown, unknown, unknown,23, write_cmd,0,3345884,1K,in,client
PPR1.180610.011.A505USQU3ASL6, OPSS28.85-17-6, unknown, unknown, unknown,23, write_cmd,0,4891192,1K,in,client
PPR1.180610.011.A505USQU3ASL6, OPSS28.85-17-6, unknown, unknown, unknown,23, write_cmd,0,3494384,1K,in,client
PPR1.180610.011.A505USQU3ASL6, OPSS28.85-17-6, unknown, unknown, unknown,23, write_cmd,0,3512038,1K,in,client
PPR1.180610.011.A505USQU3ASL6, OPSS28.85-17-6, unknown, unknown, unknown,23, write_cmd,0,6407423,1K,in,client
PPR1.180610.011.A505USQU3ASL6, OPSS28.85-17-6, unknown, unknown, unknown,23, write_cmd,0,21858000,1K,in,client
PPR1.180610.011.A505USQU3ASL6, OPSS28.85-17-6, unknown, unknown, unknown,23, write_cmd,0,3942346,1K,in,client
PPR1.180610.011.A505USQU3ASL6, OPSS28.85-17-6, unknown, unknown, unknown,23, write_cmd,0,4814000,1K,in,client
PPR1.180610.011.A505USQU3ASL6, OPSS28.85-17-6, unknown, unknown, unknown,23, write_cmd,0,4373230,1K,in,client
PPR1.180610.011.A505USQU3ASL6, OPSS28.85-17-6, unknown, unknown, unknown,23, write_cmd,0,4479384,1K,in,client
PPR1.180610.011.A505USQU3ASL6, OPSS28.85-17-6, unknown, unknown, unknown,23, write_cmd,0,5583500,1K,in,client
PPR1.180610.011.A505USQU3ASL6, OPSS28.85-17-6, unknown, unknown, unknown,23, write_cmd,0,4459615,1K,in,client
PPR1.180610.011.A505USQU3ASL6, OPSS28.85-17-6, unknown, unknown, unknown,23, write_cmd,0,3895538,1K,in,client
PPR1.180610.011.A505USQU3ASL6, OPSS28.85-17-6, unknown, unknown, unknown,23, write_cmd,0,5574154,1K,in,client
PPR1.180610.011.A505USQU3ASL6, OPSS28.85-17-6, unknown, unknown, unknown,23, write_cmd,0,3275115,1K,in,client
PPR1.180610.011.A505USQU3ASL6, OPSS28.85-17-6, unknown, unknown, unknown,23, write_cmd,0,4078423,1K,in,client
PPR1.180610.011.A505USQU3ASL6, OPSS28.85-17-6, unknown, unknown, unknown,23, write_cmd,0,5263654,1K,in,client
PPR1.180610.011.A505USQU3ASL6, OPSS28.85-17-6, unknown, unknown, unknown,23, write_cmd,0,3898115,1K,in,client
PPR1.180610.011.A505USQU3ASL6, OPSS28.85-17-6, unknown, unknown, unknown,23, write_cmd,0,4392961,1K,in,client
PPR1.180610.011.A505USQU3ASL6, OPSS28.85-17-6, unknown, unknown, unknown,23, write_cmd,0,4103077,1K,in,client
PPR1.180610.011.A505USQU3ASL6, OPSS28.85-17-6, unknown, unknown, unknown,23, write_cmd,0,5820269,1K,in,client
PPR1.180610.011.A505USQU3ASL6, OPSS28.85-17-6, unknown, unknown, unknown,23, write_cmd,0,4408923,1K,in,client
PPR1.180610.011.A505USQU3ASL6, OPSS28.85-17-6, unknown, unknown, unknown,23, write_cmd,0,4171347,1K,in,client
PPR1.180610.011.A505USQU3ASL6, OPSS28.85-17-6, unknown, unknown, unknown,23, write_cmd,0,3827000,1K,in,client
PPR1.180610.011.A505USQU3ASL6, OPSS28.85-17-6, unknown, unknown, unknown,23, write_cmd,0,3910808,1K,in,client
PPR1.180610.011.A505USQU3ASL6, OPSS28.85-17-6, unknown, unknown, unknown,23, write_cmd,0,5440731,1K,in,client
PPR1.180610.011.A505USQU3ASL6, OPSS28.85-17-6, unknown, unknown, unknown,23, write_cmd,0,3963270,1K,in,client
PPR1.180610.011.A505USQU3ASL6, OPSS28.85-17-6, unknown, unknown, unknown,23, write_cmd,0,5461462,1K,in,client
PPR1.180610.011.A505USQU3ASL6, OPSS28.85-17-6, unknown, unknown, unknown,23, write_cmd,0,4501500,1K,in,client
PPR1.180610.011.A505USQU3ASL6, OPSS28.85-17-6, unknown, unknown, unknown,23, write_cmd,0,3212231,1K,in,client
PPR1.180610.011.A505USQU3ASL6, OPSS28.85-17-6, unknown, unknown, unknown,23, write_cmd,0,3759731,1K,in,client
PPR1.180610.011.A505USQU3ASL6, OPSS28.85-17-6, unknown, unknown, unknown,23, write_cmd,0,3580577,1K,in,client
PPR1.180610.011.A505USQU3ASL6, OPSS28.85-17-6, unknown, unknown, unknown,23, write_cmd,0,5839269,1K,in,client
PPR1.180610.011.A505USQU3ASL6, OPSS28.85-17-6, unknown, unknown, unknown,23, write_cmd,0,3029808,1K,in,client
PPR1.180610.011.A505USQU3ASL6, OPSS28.85-17-6, unknown, unknown, unknown,23, write_cmd,0,2960846,1K,in,client
PPR1.180610.011.A505USQU3ASL6, OPSS28.85-17-6, unknown, unknown, unknown,23, write_cmd,0,2395039,1K,in,client
PPR1.180610.011.A505USQU3ASL6, OPSS28.85-17-6, unknown, unknown, unknown,23, write_cmd,0,3019307,1K,in,client
PPR1.180610.011.A505USQU3ASL6, OPSS28.85-17-6, unknown, unknown, unknown,23, write_cmd,0,2389500,1K,in,client
PPR1.180610.011.A505USQU3ASL6, OPSS28.85-17-6, unknown, unknown, unknown,23, write_cmd,0,2755077,1K,in,client
PPR1.180610.011.A505USQU3ASL6, OPSS28.85-17-6, unknown, unknown, unknown,23, write_cmd,0,2846038,1K,in,client
PPR1.180610.011.A505USQU3ASL6, OPSS28.85-17-6, unknown, unknown, unknown,23, write_cmd,0,2480116,1K,in,client
PPR1.180610.011.A505USQU3ASL6, OPSS28.85-17-6, unknown, unknown, unknown,23, write_cmd,0,2673384,1K,in,client
PPR1.180610.011.A505USQU3ASL6, OPSS28.85-17-6, unknown, unknown, unknown,23, write_cmd,0,2724846,1K,in,client
PPR1.180610.011.A505USQU3ASL6, OPSS28.85-17-6, unknown, unknown, unknown,23, write_cmd,0,4158846,1K,in,client
PPR1.180610.011.A505USQU3ASL6, OPSS28.85-17-6, unknown, unknown, unknown,23, write_cmd,0,2164961,1K,in,client
PPR1.180610.011.A505USQU3ASL6, OPSS28.85-17-6, unknown, unknown, unknown,23, write_cmd,0,2091654,1K,in,client
PPR1.180610.011.A505USQU3ASL6, OPSS28.85-17-6, unknown, unknown, unknown,23, write_cmd,0,2594500,1K,in,client
PPR1.180610.011.A505USQU3ASL6, OPSS28.85-17-6, unknown, unknown, unknown,23, write_cmd,0,2177885,1K,in,client
PPR1.180610.011.A505USQU3ASL6, OPSS28.85-17-6, unknown, unknown, unknown,23, write_cmd,0,2240000,1K,in,client
PPR1.180610.011.A505USQU3ASL6, OPSS28.85-17-6, unknown, unknown, unknown,23, write_cmd,0,1871846,1K,in,client
PPR1.180610.011.A505USQU3ASL6, OPSS28.85-17-6, unknown, unknown, unknown,23, write_cmd,0,2372654,1K,in,client
PPR1.180610.011.A505USQU3ASL6, OPSS28.85-17-6, unknown, unknown, unknown,23, write_cmd,0,1911270,1K,in,client
PPR1.180610.011.A505USQU3ASL6, OPSS28.85-17-6, unknown, unknown, unknown,23, write_cmd,0,1641385,1K,in,client
PPR1.180610.011.A505USQU3ASL6, OPSS28.85-17-6, unknown, unknown, unknown,23, write_cmd,0,1949154,1K,in,client
PPR1.180610.011.A505USQU3ASL6, OPSS28.85-17-6, unknown, unknown, unknown,23, write_cmd,0,1666077,1K,in,client
PPR1.180610.011.A505USQU3ASL6, OPSS28.85-17-6, unknown, unknown, unknown,23, write_cmd,0,2263962,1K,in,client
PPR1.180610.011.A505USQU3ASL6, OPSS28.85-17-6, unknown, unknown, unknown,23, write_cmd,0,2436000,1K,in,client
PPR1.180610.011.A505USQU3ASL6, OPSS28.85-17-6, unknown, unknown, unknown,23, write_cmd,0,2285385,1K,in,client
PPR1.180610.011.A505USQU3ASL6, OPSS28.85-17-6, unknown, unknown, unknown,23, write_cmd,0,2185307,1K,in,client
PPR1.180610.011.A505USQU3ASL6, OPSS28.85-17-6, unknown, unknown, unknown,23, write_cmd,0,2462730,1K,in,client
PPR1.180610.011.A505USQU3ASL6, OPSS28.85-17-6, unknown, unknown, unknown,23, write_cmd,0,2158269,1K,in,client
PPR1.180610.011.A505USQU3ASL6, OPSS28.85-17-6, unknown, unknown, unknown,23, write_cmd,0,2201231,1K,in,client
PPR1.180610.011.A505USQU3ASL6, OPSS28.85-17-6, unknown, unknown, unknown,23, write_cmd,0,2168423,1K,in,client
PPR1.180610.011.A505USQU3ASL6, OPSS28.85-17-6, unknown, unknown, unknown,23, write_cmd,0,2353115,1K,in,client
PPR1.180610.011.A505USQU3ASL6, OPSS28.85-17-6, unknown, unknown, unknown,23, write_cmd,0,2075193,1K,in,client
PPR1.180610.011.A505USQU3ASL6, OPSS28.85-17-6, unknown, unknown, unknown,23, write_cmd,0,1897885,1K,in,client
PPR1.180610.011.A505USQU3ASL6, OPSS28.85-17-6, unknown, unknown, unknown,23, write_cmd,0,2323346,1K,in,client
PPR1.180610.011.A505USQU3ASL6, OPSS28.85-17-6, unknown, unknown, unknown,23, write_cmd,0,2345346,1K,in,client
PPR1.180610.011.A505USQU3ASL6, OPSS28.85-17-6, unknown, unknown, unknown,23, write_cmd,0,2857104421,1K,in,client
PPR1.180610.011.A505USQU3ASL6, OPSS28.85-17-6, unknown, unknown, unknown,23, write_cmd,0,3324230,1K,in,client
PPR1.180610.011.A505USQU3ASL6, OPSS28.85-17-6, unknown, unknown, unknown,23, write_cmd,0,2482807,1K,in,client
PPR1.180610.011.A505USQU3ASL6, OPSS28.85-17-6, unknown, unknown, unknown,23, write_cmd,0,3522269,1K,in,client
PPR1.180610.011.A505USQU3ASL6, OPSS28.85-17-6, unknown, unknown, unknown,23, write_cmd,0,3442385,1K,in,client
PPR1.180610.011.A505USQU3ASL6, OPSS28.85-17-6, unknown, unknown, unknown,23, write_cmd,0,4526308,1K,in,client
PPR1.180610.011.A505USQU3ASL6, OPSS28.85-17-6, unknown, unknown, unknown,23, write_cmd,0,2059346,1K,in,client
PPR1.180610.011.A505USQU3ASL6, OPSS28.85-17-6, unknown, unknown, unknown,23, write_cmd,0,1926115,1K,in,client
PPR1.180610.011.A505USQU3ASL6, OPSS28.85-17-6, unknown, unknown, unknown,23, write_cmd,0,1871846,1K,in,client
PPR1.180610.011.A505USQU3ASL6, OPSS28.85-17-6, unknown, unknown, unknown,23, write_cmd,0,2340616,1K,in,client
PPR1.180610.011.A505USQU3ASL6, OPSS28.85-17-6, unknown, unknown, unknown,23, write_cmd,0,2571846,1K,in,client
PPR1.180610.011.A505USQU3ASL6, OPSS28.85-17-6, unknown, unknown, unknown,23, write_cmd,0,2827000,1K,in,client
PPR1.180610.011.A505USQU3ASL6, OPSS28.85-17-6, unknown, unknown, unknown,23, write_cmd,0,3241308,1K,in,client
PPR1.180610.011.A505USQU3ASL6, OPSS28.85-17-6, unknown, unknown, unknown,23, write_cmd,0,4504270,1K,in,client
PPR1.180610.011.A505USQU3ASL6, OPSS28.85-17-6, unknown, unknown, unknown,23, write_cmd,0,3258116,1K,in,client
PPR1.180610.011.A505USQU3ASL6, OPSS28.85-17-6, unknown, unknown, unknown,23, write_cmd,0,4679500,1K,in,client
PPR1.180610.011.A505USQU3ASL6, OPSS28.85-17-6, unknown, unknown, unknown,23, write_cmd,0,3647347,1K,in,client
PPR1.180610.011.A505USQU3ASL6, OPSS28.85-17-6, unknown, unknown, unknown,23, write_cmd,0,3610847,1K,in,client
PPR1.180610.011.A505USQU3ASL6, OPSS28.85-17-6, unknown, unknown, unknown,23, write_cmd,0,5243461,1K,in,client
PPR1.180610.011.A505USQU3ASL6, OPSS28.85-17-6, unknown, unknown, unknown,23, write_cmd,0,5833193,1K,in,client
PPR1.180610.011.A505USQU3ASL6, OPSS28.85-17-6, unknown, unknown, unknown,23, write_cmd,0,3821115,1K,in,client
PPR1.180610.011.A505USQU3ASL6, OPSS28.85-17-6, unknown, unknown, unknown,23, write_cmd,0,3955346,1K,in,client
PPR1.180610.011.A505USQU3ASL6, OPSS28.85-17-6, unknown, unknown, unknown,23, write_cmd,0,4424846,1K,in,client
PPR1.180610.011.A505USQU3ASL6, OPSS28.85-17-6, unknown, unknown, unknown,23, write_cmd,0,3914500,1K,in,client
PPR1.180610.011.A505USQU3ASL6, OPSS28.85-17-6, unknown, unknown, unknown,23, write_cmd,0,8558500,1K,in,client
PPR1.180610.011.A505USQU3ASL6, OPSS28.85-17-6, unknown, unknown, unknown,23, write_cmd,0,5109846,1K,in,client
PPR1.180610.011.A505USQU3ASL6, OPSS28.85-17-6, unknown, unknown, unknown,23, write_cmd,0,3536270,1K,in,client
PPR1.180610.011.A505USQU3ASL6, OPSS28.85-17-6, unknown, unknown, unknown,23, write_cmd,0,2798693,1K,in,client
PPR1.180610.011.A505USQU3ASL6, OPSS28.85-17-6, unknown, unknown, unknown,23, write_cmd,0,3259539,1K,in,client
PPR1.180610.011.A505USQU3ASL6, OPSS28.85-17-6, unknown, unknown, unknown,23, write_cmd,0,2544385,1K,in,client
PPR1.180610.011.A505USQU3ASL6, OPSS28.85-17-6, unknown, unknown, unknown,23, write_cmd,0,3549423,1K,in,client
PPR1.180610.011.A505USQU3ASL6, OPSS28.85-17-6, unknown, unknown, unknown,23, write_cmd,0,2981000,1K,in,client
PPR1.180610.011.A505USQU3ASL6, OPSS28.85-17-6, unknown, unknown, unknown,23, write_cmd,0,2750808,1K,in,client
PPR1.180610.011.A505USQU3ASL6, OPSS28.85-17-6, unknown, unknown, unknown,23, write_cmd,0,3002462,1K,in,client
PPR1.180610.011.A505USQU3ASL6, OPSS28.85-17-6, unknown, unknown, unknown,23, write_cmd,0,5215385,1K,in,client
PPR1.180610.011.A505USQU3ASL6, OPSS28.85-17-6, unknown, unknown, unknown,23, write_cmd,0,2978077,1K,in,client
PPR1.180610.011.A505USQU3ASL6, OPSS28.85-17-6, unknown, unknown, unknown,23, write_cmd,0,3015500,1K,in,client
PPR1.180610.011.A505USQU3ASL6, OPSS28.85-17-6, unknown, unknown, unknown,23, write_cmd,0,2658116,1K,in,client
PPR1.180610.011.A505USQU3ASL6, OPSS28.85-17-6, unknown, unknown, unknown,23, write_cmd,0,2962846,1K,in,client
PPR1.180610.011.A505USQU3ASL6, OPSS28.85-17-6, unknown, unknown, unknown,23, write_cmd,0,2780231,1K,in,client
PPR1.180610.011.A505USQU3ASL6, OPSS28.85-17-6, unknown, unknown, unknown,23, write_cmd,0,2798577,1K,in,client
PPR1.180610.011.A505USQU3ASL6, OPSS28.85-17-6, unknown, unknown, unknown,23, write_cmd,0,2633692,1K,in,client
PPR1.180610.011.A505USQU3ASL6, OPSS28.85-17-6, unknown, unknown, unknown,23, write_cmd,0,2901039,1K,in,client
PPR1.180610.011.A505USQU3ASL6, OPSS28.85-17-6, unknown, unknown, unknown,23, write_cmd,0,2624923,1K,in,client
PPR1.180610.011.A505USQU3ASL6, OPSS28.85-17-6, unknown, unknown, unknown,23, write_cmd,0,2740116,1K,in,client
PPR1.180610.011.A505USQU3ASL6, OPSS28.85-17-6, unknown, unknown, unknown,23, write_cmd,0,2669231,1K,in,client
PPR1.180610.011.A505USQU3ASL6, OPSS28.85-17-6, unknown, unknown, unknown,23, write_cmd,0,3200962,1K,in,client
PPR1.180610.011.A505USQU3ASL6, OPSS28.85-17-6, unknown, unknown, unknown,23, write_cmd,0,3487500,1K,in,client
PPR1.180610.011.A505USQU3ASL6, OPSS28.85-17-6, unknown, unknown, unknown,23, write_cmd,0,3174039,1K,in,client
PPR1.180610.011.A505USQU3ASL6, OPSS28.85-17-6, unknown, unknown, unknown,23, write_cmd,0,3145500,1K,in,client
PPR1.180610.011.A505USQU3ASL6, OPSS28.85-17-6, unknown, unknown, unknown,23, write_cmd,0,3062039,1K,in,client
PPR1.180610.011.A505USQU3ASL6, OPSS28.85-17-6, unknown, unknown, unknown,23, write_cmd,0,3411654,1K,in,client
PPR1.180610.011.A505USQU3ASL6, OPSS28.85-17-6, unknown, unknown, unknown,23, write_cmd,0,3258154,1K,in,client
PPR1.180610.011.A505USQU3ASL6, OPSS28.85-17-6, unknown, unknown, unknown,23, write_cmd,0,3507307,1K,in,client
PPR1.180610.011.A505USQU3ASL6, OPSS28.85-17-6, unknown, unknown, unknown,23, write_cmd,0,3233346,1K,in,client
PPR1.180610.011.A505USQU3ASL6, OPSS28.85-17-6, unknown, unknown, unknown,23, write_cmd,0,3436654,1K,in,client
PPR1.180610.011.A505USQU3ASL6, OPSS28.85-17-6, unknown, unknown, unknown,23, write_cmd,0,3946731,1K,in,client
PPR1.180610.011.A505USQU3ASL6, OPSS28.85-17-6, unknown, unknown, unknown,23, write_cmd,0,3367192,1K,in,client
PPR1.180610.011.A505USQU3ASL6, OPSS28.85-17-6, unknown, unknown, unknown,23, write_cmd,0,2737961,1K,in,client
PPR1.180610.011.A505USQU3ASL6, OPSS28.85-17-6, unknown, unknown, unknown,23, write_cmd,0,3101731,1K,in,client
PPR1.180610.011.A505USQU3ASL6, OPSS28.85-17-6, unknown, unknown, unknown,23, write_cmd,0,4080923,1K,in,client
PPR1.180610.011.A505USQU3ASL6, OPSS28.85-17-6, unknown, unknown, unknown,23, write_cmd,0,3757885,1K,in,client
PPR1.180610.011.A505USQU3ASL6, OPSS28.85-17-6, unknown, unknown, unknown,23, write_cmd,0,3905577,1K,in,client
PPR1.180610.011.A505USQU3ASL6, OPSS28.85-17-6, unknown, unknown, unknown,23, write_cmd,0,3272847,1K,in,client
PPR1.180610.011.A505USQU3ASL6, OPSS28.85-17-6, unknown, unknown, unknown,23, write_cmd,0,3531308,1K,in,client
PPR1.180610.011.A505USQU3ASL6, OPSS28.85-17-6, unknown, unknown, unknown,23, write_cmd,0,3311654,1K,in,client
PPR1.180610.011.A505USQU3ASL6, OPSS28.85-17-6, unknown, unknown, unknown,23, write_cmd,0,3413347,1K,in,client
PPR1.180610.011.A505USQU3ASL6, OPSS28.85-17-6, unknown, unknown, unknown,23, write_cmd,0,2784692,1K,in,client
PPR1.180610.011.A505USQU3ASL6, OPSS28.85-17-6, unknown, unknown, unknown,23, write_cmd,0,4708423,1K,in,client
PPR1.180610.011.A505USQU3ASL6, OPSS28.85-17-6, unknown, unknown, unknown,23, write_cmd,0,2989885,1K,in,client
PPR1.180610.011.A505USQU3ASL6, OPSS28.85-17-6, unknown, unknown, unknown,23, write_cmd,0,4045923,1K,in,client
PPR1.180610.011.A505USQU3ASL6, OPSS28.85-17-6, unknown, unknown, unknown,23, write_cmd,0,3180115,1K,in,client
PPR1.180610.011.A505USQU3ASL6, OPSS28.85-17-6, unknown, unknown, unknown,23, write_cmd,0,8084346,1K,in,client
PPR1.180610.011.A505USQU3ASL6, OPSS28.85-17-6, unknown, unknown, unknown,23, write_cmd,0,4143962,1K,in,client
PPR1.180610.011.A505USQU3ASL6, OPSS28.85-17-6, unknown, unknown, unknown,23, write_cmd,0,3125346,1K,in,client
PPR1.180610.011.A505USQU3ASL6, OPSS28.85-17-6, unknown, unknown, unknown,23, write_cmd,0,3103077,1K,in,client
PPR1.180610.011.A505USQU3ASL6, OPSS28.85-17-6, unknown, unknown, unknown,23, write_cmd,0,3573346,1K,in,client
PPR1.180610.011.A505USQU3ASL6, OPSS28.85-17-6, unknown, unknown, unknown,23, write_cmd,0,3962423,1K,in,client
PPR1.180610.011.A505USQU3ASL6, OPSS28.85-17-6, unknown, unknown, unknown,23, write_cmd,0,4591770,1K,in,client
PPR1.180610.011.A505USQU3ASL6, OPSS28.85-17-6, unknown, unknown, unknown,23, write_cmd,0,4368116,1K,in,client
PPR1.180610.011.A505USQU3ASL6, OPSS28.85-17-6, unknown, unknown, unknown,23, write_cmd,0,4940462,1K,in,client
PPR1.180610.011.A505USQU3ASL6, OPSS28.85-17-6, unknown, unknown, unknown,23, write_cmd,0,5579423,1K,in,client
PPR1.180610.011.A505USQU3ASL6, OPSS28.85-17-6, unknown, unknown, unknown,23, write_cmd,0,3717423,1K,in,client
PPR1.180610.011.A505USQU3ASL6, OPSS28.85-17-6, unknown, unknown, unknown,23, write_cmd,0,4018269,1K,in,client
PPR1.180610.011.A505USQU3ASL6, OPSS28.85-17-6, unknown, unknown, unknown,23, write_cmd,0,3461923,1K,in,client
PPR1.180610.011.A505USQU3ASL6, OPSS28.85-17-6, unknown, unknown, unknown,23, write_cmd,0,3834731,1K,in,client
PPR1.180610.011.A505USQU3ASL6, OPSS28.85-17-6, unknown, unknown, unknown,23, write_cmd,0,3954385,1K,in,client
PPR1.180610.011.A505USQU3ASL6, OPSS28.85-17-6, unknown, unknown, unknown,23, write_cmd,0,4558961,1K,in,client
PPR1.180610.011.A505USQU3ASL6, OPSS28.85-17-6, unknown, unknown, unknown,23, write_cmd,0,4725347,1K,in,client
PPR1.180610.011.A505USQU3ASL6, OPSS28.85-17-6, unknown, unknown, unknown,23, write_cmd,0,4425731,1K,in,client
PPR1.180610.011.A505USQU3ASL6, OPSS28.85-17-6, unknown, unknown, unknown,23, write_cmd,0,4813807,1K,in,client
PPR1.180610.011.A505USQU3ASL6, OPSS28.85-17-6, unknown, unknown, unknown,23, write_cmd,0,4322654,1K,in,client
PPR1.180610.011.A505USQU3ASL6, OPSS28.85-17-6, unknown, unknown, unknown,23, write_cmd,0,6849231,1K,in,client
PPR1.180610.011.A505USQU3ASL6, OPSS28.85-17-6, unknown, unknown, unknown,23, write_cmd,0,4335769,1K,in,client
PPR1.180610.011.A505USQU3ASL6, OPSS28.85-17-6, unknown, unknown, unknown,23, write_cmd,0,4269423,1K,in,client
PPR1.180610.011.A505USQU3ASL6, OPSS28.85-17-6, unknown, unknown, unknown,23, write_cmd,0,2608654,1K,in,client
PPR1.180610.011.A505USQU3ASL6, OPSS28.85-17-6, unknown, unknown, unknown,23, write_cmd,0,3766692,1K,in,client
PPR1.180610.011.A505USQU3ASL6, OPSS28.85-17-6, unknown, unknown, unknown,23, write_cmd,0,4385539,1K,in,client
PPR1.180610.011.A505USQU3ASL6, OPSS28.85-17-6, unknown, unknown, unknown,23, write_cmd,0,5384924,1K,in,client
PPR1.180610.011.A505USQU3ASL6, OPSS28.85-17-6, unknown, unknown, unknown,23, write_cmd,0,5918885,1K,in,client
PPR1.180610.011.A505USQU3ASL6, OPSS28.85-17-6, unknown, unknown, unknown,23, write_cmd,0,5361500,1K,in,client
PPR1.180610.011.A505USQU3ASL6, OPSS28.85-17-6, unknown, unknown, unknown,23, write_cmd,0,6377038,1K,in,client
PPR1.180610.011.A505USQU3ASL6, OPSS28.85-17-6, unknown, unknown, unknown,23, write_cmd,0,5551077,1K,in,client
PPR1.180610.011.A505USQU3ASL6, OPSS28.85-17-6, unknown, unknown, unknown,23, write_cmd,0,5037193,1K,in,client
PPR1.180610.011.A505USQU3ASL6, OPSS28.85-17-6, unknown, unknown, unknown,23, write_cmd,0,4375846,1K,in,client
PPR1.180610.011.A505USQU3ASL6, OPSS28.85-17-6, unknown, unknown, unknown,23, write_cmd,0,3715846,1K,in,client
PPR1.180610.011.A505USQU3ASL6, OPSS28.85-17-6, unknown, unknown, unknown,23, write_cmd,0,3905385,1K,in,client
PPR1.180610.011.A505USQU3ASL6, OPSS28.85-17-6, unknown, unknown, unknown,23, write_cmd,0,3385846,1K,in,client
PPR1.180610.011.A505USQU3ASL6, OPSS28.85-17-6, unknown, unknown, unknown,23, write_cmd,0,3550846,1K,in,client
PPR1.180610.011.A505USQU3ASL6, OPSS28.85-17-6, unknown, unknown, unknown,23, write_cmd,0,5116462,1K,in,client
PPR1.180610.011.A505USQU3ASL6, OPSS28.85-17-6, unknown, unknown, unknown,23, write_cmd,0,4527500,1K,in,client
PPR1.180610.011.A505USQU3ASL6, OPSS28.85-17-6, unknown, unknown, unknown,23, write_cmd,0,6404038,1K,in,client
PPR1.180610.011.A505USQU3ASL6, OPSS28.85-17-6, unknown, unknown, unknown,23, write_cmd,0,4734692,1K,in,client
PPR1.180610.011.A505USQU3ASL6, OPSS28.85-17-6, unknown, unknown, unknown,23, write_cmd,0,4121462,1K,in,client
PPR1.180610.011.A505USQU3ASL6, OPSS28.85-17-6, unknown, unknown, unknown,23, write_cmd,0,3837231,1K,in,client
PPR1.180610.011.A505USQU3ASL6, OPSS28.85-17-6, unknown, unknown, unknown,23, write_cmd,0,3968539,1K,in,client
PPR1.180610.011.A505USQU3ASL6, OPSS28.85-17-6, unknown, unknown, unknown,23, write_cmd,0,4304538,1K,in,client
PPR1.180610.011.A505USQU3ASL6, OPSS28.85-17-6, unknown, unknown, unknown,23, write_cmd,0,5297384,1K,in,client
PPR1.180610.011.A505USQU3ASL6, OPSS28.85-17-6, unknown, unknown, unknown,23, write_cmd,0,8406308,1K,in,client
PPR1.180610.011.A505USQU3ASL6, OPSS28.85-17-6, unknown, unknown, unknown,23, write_cmd,0,5369962,1K,in,client
PPR1.180610.011.A505USQU3ASL6, OPSS28.85-17-6, unknown, unknown, unknown,23, write_cmd,0,7478384,1K,in,client
PPR1.180610.011.A505USQU3ASL6, OPSS28.85-17-6, unknown, unknown, unknown,23, write_cmd,0,2584436767,1K,in,client
PPR1.180610.011.A505USQU3ASL6, OPSS28.85-17-6, unknown, unknown, unknown,23, write_cmd,0,4213654,1K,in,client
PPR1.180610.011.A505USQU3ASL6, OPSS28.85-17-6, unknown, unknown, unknown,23, write_cmd,0,4380192,1K,in,client
PPR1.180610.011.A505USQU3ASL6, OPSS28.85-17-6, unknown, unknown, unknown,23, write_cmd,0,4897962,1K,in,client
PPR1.180610.011.A505USQU3ASL6, OPSS28.85-17-6, unknown, unknown, unknown,23, write_cmd,0,4412654,1K,in,client
PPR1.180610.011.A505USQU3ASL6, OPSS28.85-17-6, unknown, unknown, unknown,23, write_cmd,0,2316884,1K,in,client
PPR1.180610.011.A505USQU3ASL6, OPSS28.85-17-6, unknown, unknown, unknown,23, write_cmd,0,3551000,1K,in,client
PPR1.180610.011.A505USQU3ASL6, OPSS28.85-17-6, unknown, unknown, unknown,23, write_cmd,0,4367692,1K,in,client
PPR1.180610.011.A505USQU3ASL6, OPSS28.85-17-6, unknown, unknown, unknown,23, write_cmd,0,5683193,1K,in,client
PPR1.180610.011.A505USQU3ASL6, OPSS28.85-17-6, unknown, unknown, unknown,23, write_cmd,0,5475807,1K,in,client
PPR1.180610.011.A505USQU3ASL6, OPSS28.85-17-6, unknown, unknown, unknown,23, write_cmd,0,6006423,1K,in,client
PPR1.180610.011.A505USQU3ASL6, OPSS28.85-17-6, unknown, unknown, unknown,23, write_cmd,0,3776654,1K,in,client
PPR1.180610.011.A505USQU3ASL6, OPSS28.85-17-6, unknown, unknown, unknown,23, write_cmd,0,3705116,1K,in,client
PPR1.180610.011.A505USQU3ASL6, OPSS28.85-17-6, unknown, unknown, unknown,23, write_cmd,0,3705769,1K,in,client
PPR1.180610.011.A505USQU3ASL6, OPSS28.85-17-6, unknown, unknown, unknown,23, write_cmd,0,3187346,1K,in,client
PPR1.180610.011.A505USQU3ASL6, OPSS28.85-17-6, unknown, unknown, unknown,23, write_cmd,0,5127961,1K,in,client
PPR1.180610.011.A505USQU3ASL6, OPSS28.85-17-6, unknown, unknown, unknown,23, write_cmd,0,6592693,1K,in,client
PPR1.180610.011.A505USQU3ASL6, OPSS28.85-17-6, unknown, unknown, unknown,23, write_cmd,0,2985500,1K,in,client
PPR1.180610.011.A505USQU3ASL6, OPSS28.85-17-6, unknown, unknown, unknown,23, write_cmd,0,4624231,1K,in,client
PPR1.180610.011.A505USQU3ASL6, OPSS28.85-17-6, unknown, unknown, unknown,23, write_cmd,0,9522461,1K,in,client
PPR1.180610.011.A505USQU3ASL6, OPSS28.85-17-6, unknown, unknown, unknown,23, write_cmd,0,4311000,1K,in,client
PPR1.180610.011.A505USQU3ASL6, OPSS28.85-17-6, unknown, unknown, unknown,23, write_cmd,0,2417961,1K,in,client
PPR1.180610.011.A505USQU3ASL6, OPSS28.85-17-6, unknown, unknown, unknown,23, write_cmd,0,3767538,1K,in,client
PPR1.180610.011.A505USQU3ASL6, OPSS28.85-17-6, unknown, unknown, unknown,23, write_cmd,0,3707038,1K,in,client
PPR1.180610.011.A505USQU3ASL6, OPSS28.85-17-6, unknown, unknown, unknown,23, write_cmd,0,3870116,1K,in,client
PPR1.180610.011.A505USQU3ASL6, OPSS28.85-17-6, unknown, unknown, unknown,23, write_cmd,0,4312038,1K,in,client
PPR1.180610.011.A505USQU3ASL6, OPSS28.85-17-6, unknown, unknown, unknown,23, write_cmd,0,3412346,1K,in,client
PPR1.180610.011.A505USQU3ASL6, OPSS28.85-17-6, unknown, unknown, unknown,23, write_cmd,0,4399115,1K,in,client
PPR1.180610.011.A505USQU3ASL6, OPSS28.85-17-6, unknown, unknown, unknown,23, write_cmd,0,2916654,1K,in,client
PPR1.180610.011.A505USQU3ASL6, OPSS28.85-17-6, unknown, unknown, unknown,23, write_cmd,0,3277192,1K,in,client
PPR1.180610.011.A505USQU3ASL6, OPSS28.85-17-6, unknown, unknown, unknown,23, write_cmd,0,3303615,1K,in,client
PPR1.180610.011.A505USQU3ASL6, OPSS28.85-17-6, unknown, unknown, unknown,23, write_cmd,0,5934462,1K,in,client
PPR1.180610.011.A505USQU3ASL6, OPSS28.85-17-6, unknown, unknown, unknown,23, write_cmd,0,3604808,1K,in,client
PPR1.180610.011.A505USQU3ASL6, OPSS28.85-17-6, unknown, unknown, unknown,23, write_cmd,0,3629461,1K,in,client
PPR1.180610.011.A505USQU3ASL6, OPSS28.85-17-6, unknown, unknown, unknown,23, write_cmd,0,4010116,1K,in,client
PPR1.180610.011.A505USQU3ASL6, OPSS28.85-17-6, unknown, unknown, unknown,23, write_cmd,0,2960846,1K,in,client
PPR1.180610.011.A505USQU3ASL6, OPSS28.85-17-6, unknown, unknown, unknown,23, write_cmd,0,3186192,1K,in,client
PPR1.180610.011.A505USQU3ASL6, OPSS28.85-17-6, unknown, unknown, unknown,23, write_cmd,0,3426077,1K,in,client
PPR1.180610.011.A505USQU3ASL6, OPSS28.85-17-6, unknown, unknown, unknown,23, write_cmd,0,2646423,1K,in,client
PPR1.180610.011.A505USQU3ASL6, OPSS28.85-17-6, unknown, unknown, unknown,23, write_cmd,0,3008923,1K,in,client
PPR1.180610.011.A505USQU3ASL6, OPSS28.85-17-6, unknown, unknown, unknown,23, write_cmd,0,5014500,1K,in,client
PPR1.180610.011.A505USQU3ASL6, OPSS28.85-17-6, unknown, unknown, unknown,23, write_cmd,0,5784039,1K,in,client
PPR1.180610.011.A505USQU3ASL6, OPSS28.85-17-6, unknown, unknown, unknown,23, write_cmd,0,5256769,1K,in,client
PPR1.180610.011.A505USQU3ASL6, OPSS28.85-17-6, unknown, unknown, unknown,23, write_cmd,0,4965769,1K,in,client
PPR1.180610.011.A505USQU3ASL6, OPSS28.85-17-6, unknown, unknown, unknown,23, write_cmd,0,5417731,1K,in,client
PPR1.180610.011.A505USQU3ASL6, OPSS28.85-17-6, unknown, unknown, unknown,23, write_cmd,0,4268769,1K,in,client
PPR1.180610.011.A505USQU3ASL6, OPSS28.85-17-6, unknown, unknown, unknown,23, write_cmd,0,4829039,1K,in,client
PPR1.180610.011.A505USQU3ASL6, OPSS28.85-17-6, unknown, unknown, unknown,23, write_cmd,0,4055307,1K,in,client
PPR1.180610.011.A505USQU3ASL6, OPSS28.85-17-6, unknown, unknown, unknown,23, write_cmd,0,3938154,1K,in,client
PPR1.180610.011.A505USQU3ASL6, OPSS28.85-17-6, unknown, unknown, unknown,23, write_cmd,0,4122000,1K,in,client
PPR1.180610.011.A505USQU3ASL6, OPSS28.85-17-6, unknown, unknown, unknown,23, write_cmd,0,4481308,1K,in,client
PPR1.180610.011.A505USQU3ASL6, OPSS28.85-17-6, unknown, unknown, unknown,23, write_cmd,0,4454231,1K,in,client
PPR1.180610.011.A505USQU3ASL6, OPSS28.85-17-6, unknown, unknown, unknown,23, write_cmd,0,3735539,1K,in,client
PPR1.180610.011.A505USQU3ASL6, OPSS28.85-17-6, unknown, unknown, unknown,23, write_cmd,0,2552577,1K,in,client
PPR1.180610.011.A505USQU3ASL6, OPSS28.85-17-6, unknown, unknown, unknown,23, write_cmd,0,4910577,1K,in,client
PPR1.180610.011.A505USQU3ASL6, OPSS28.85-17-6, unknown, unknown, unknown,23, write_cmd,0,5146884,1K,in,client
PPR1.180610.011.A505USQU3ASL6, OPSS28.85-17-6, unknown, unknown, unknown,23, write_cmd,0,4716385,1K,in,client
PPR1.180610.011.A505USQU3ASL6, OPSS28.85-17-6, unknown, unknown, unknown,23, write_cmd,0,5205731,1K,in,client
PPR1.180610.011.A505USQU3ASL6, OPSS28.85-17-6, unknown, unknown, unknown,23, write_cmd,0,4354346,1K,in,client
PPR1.180610.011.A505USQU3ASL6, OPSS28.85-17-6, unknown, unknown, unknown,23, write_cmd,0,5011615,1K,in,client
PPR1.180610.011.A505USQU3ASL6, OPSS28.85-17-6, unknown, unknown, unknown,23, write_cmd,0,5283884,1K,in,client
PPR1.180610.011.A505USQU3ASL6, OPSS28.85-17-6, unknown, unknown, unknown,23, write_cmd,0,4433000,1K,in,client
PPR1.180610.011.A505USQU3ASL6, OPSS28.85-17-6, unknown, unknown, unknown,23, write_cmd,0,4111385,1K,in,client
PPR1.180610.011.A505USQU3ASL6, OPSS28.85-17-6, unknown, unknown, unknown,23, write_cmd,0,4520385,1K,in,client
PPR1.180610.011.A505USQU3ASL6, OPSS28.85-17-6, unknown, unknown, unknown,23, write_cmd,0,5770769,1K,in,client
PPR1.180610.011.A505USQU3ASL6, OPSS28.85-17-6, unknown, unknown, unknown,23, write_cmd,0,4921847,1K,in,client
PPR1.180610.011.A505USQU3ASL6, OPSS28.85-17-6, unknown, unknown, unknown,23, write_cmd,0,6618269,1K,in,client
PPR1.180610.011.A505USQU3ASL6, OPSS28.85-17-6, unknown, unknown, unknown,23, write_cmd,0,4590346,1K,in,client
PPR1.180610.011.A505USQU3ASL6, OPSS28.85-17-6, unknown, unknown, unknown,23, write_cmd,0,5765077,1K,in,client
PPR1.180610.011.A505USQU3ASL6, OPSS28.85-17-6, unknown, unknown, unknown,23, write_cmd,0,3889192,1K,in,client
PPR1.180610.011.A505USQU3ASL6, OPSS28.85-17-6, unknown, unknown, unknown,23, write_cmd,0,4643500,1K,in,client
PPR1.180610.011.A505USQU3ASL6, OPSS28.85-17-6, unknown, unknown, unknown,23, write_cmd,0,4056961,1K,in,client
PPR1.180610.011.A505USQU3ASL6, OPSS28.85-17-6, unknown, unknown, unknown,23, write_cmd,0,3361154,1K,in,client
PPR1.180610.011.A505USQU3ASL6, OPSS28.85-17-6, unknown, unknown, unknown,23, write_cmd,0,5087385,1K,in,client
PPR1.180610.011.A505USQU3ASL6, OPSS28.85-17-6, unknown, unknown, unknown,23, write_cmd,0,2928115,1K,in,client
PPR1.180610.011.A505USQU3ASL6, OPSS28.85-17-6, unknown, unknown, unknown,23, write_cmd,0,2675346,1K,in,client
PPR1.180610.011.A505USQU3ASL6, OPSS28.85-17-6, unknown, unknown, unknown,23, write_cmd,0,3178731,1K,in,client
PPR1.180610.011.A505USQU3ASL6, OPSS28.85-17-6, unknown, unknown, unknown,23, write_cmd,0,3096307,1K,in,client
PPR1.180610.011.A505USQU3ASL6, OPSS28.85-17-6, unknown, unknown, unknown,23, write_cmd,0,4381654,1K,in,client
PPR1.180610.011.A505USQU3ASL6, OPSS28.85-17-6, unknown, unknown, unknown,23, write_cmd,0,4441269,1K,in,client
PPR1.180610.011.A505USQU3ASL6, OPSS28.85-17-6, unknown, unknown, unknown,23, write_cmd,0,3114000,1K,in,client
PPR1.180610.011.A505USQU3ASL6, OPSS28.85-17-6, unknown, unknown, unknown,23, write_cmd,0,4008500,1K,in,client
PPR1.180610.011.A505USQU3ASL6, OPSS28.85-17-6, unknown, unknown, unknown,23, write_cmd,0,3686423,1K,in,client
PPR1.180610.011.A505USQU3ASL6, OPSS28.85-17-6, unknown, unknown, unknown,23, write_cmd,0,4563038,1K,in,client
PPR1.180610.011.A505USQU3ASL6, OPSS28.85-17-6, unknown, unknown, unknown,23, write_cmd,0,8308039,1K,in,client
PPR1.180610.011.A505USQU3ASL6, OPSS28.85-17-6, unknown, unknown, unknown,23, write_cmd,0,11449769,1K,in,client
PPR1.180610.011.A505USQU3ASL6, OPSS28.85-17-6, unknown, unknown, unknown,23, write_cmd,0,3779039,1K,in,client
PPR1.180610.011.A505USQU3ASL6, OPSS28.85-17-6, unknown, unknown, unknown,23, write_cmd,0,4841308,1K,in,client
PPR1.180610.011.A505USQU3ASL6, OPSS28.85-17-6, unknown, unknown, unknown,23, write_cmd,0,3619384,1K,in,client
PPR1.180610.011.A505USQU3ASL6, OPSS28.85-17-6, unknown, unknown, unknown,23, write_cmd,0,3238231,1K,in,client
PPR1.180610.011.A505USQU3ASL6, OPSS28.85-17-6, unknown, unknown, unknown,23, write_cmd,0,2798269,1K,in,client
PPR1.180610.011.A505USQU3ASL6, OPSS28.85-17-6, unknown, unknown, unknown,23, write_cmd,0,3854308,1K,in,client
PPR1.180610.011.A505USQU3ASL6, OPSS28.85-17-6, unknown, unknown, unknown,23, write_cmd,0,4044500,1K,in,client
PPR1.180610.011.A505USQU3ASL6, OPSS28.85-17-6, unknown, unknown, unknown,23, write_cmd,0,4446039,1K,in,client
PPR1.180610.011.A505USQU3ASL6, OPSS28.85-17-6, unknown, unknown, unknown,23, write_cmd,0,3901731,1K,in,client
PPR1.180610.011.A505USQU3ASL6, OPSS28.85-17-6, unknown, unknown, unknown,23, write_cmd,0,5041731,1K,in,client
PPR1.180610.011.A505USQU3ASL6, OPSS28.85-17-6, unknown, unknown, unknown,23, write_cmd,0,4663000,1K,in,client
PPR1.180610.011.A505USQU3ASL6, OPSS28.85-17-6, unknown, unknown, unknown,23, write_cmd,0,3878653,1K,in,client
PPR1.180610.011.A505USQU3ASL6, OPSS28.85-17-6, unknown, unknown, unknown,23, write_cmd,0,4465500,1K,in,client
PPR1.180610.011.A505USQU3ASL6, OPSS28.85-17-6, unknown, unknown, unknown,23, write_cmd,0,3547308,1K,in,client
PPR1.180610.011.A505USQU3ASL6, OPSS28.85-17-6, unknown, unknown, unknown,23, write_cmd,0,3629846,1K,in,client
PPR1.180610.011.A505USQU3ASL6, OPSS28.85-17-6, unknown, unknown, unknown,23, write_cmd,0,4796000,1K,in,client
PPR1.180610.011.A505USQU3ASL6, OPSS28.85-17-6, unknown, unknown, unknown,23, write_cmd,0,3087000,1K,in,client
PPR1.180610.011.A505USQU3ASL6, OPSS28.85-17-6, unknown, unknown, unknown,23, write_cmd,0,4548730,1K,in,client
PPR1.180610.011.A505USQU3ASL6, OPSS28.85-17-6, unknown, unknown, unknown,23, write_cmd,0,6364769,1K,in,client
PPR1.180610.011.A505USQU3ASL6, OPSS28.85-17-6, unknown, unknown, unknown,23, write_cmd,0,4525500,1K,in,client
PPR1.180610.011.A505USQU3ASL6, OPSS28.85-17-6, unknown, unknown, unknown,23, write_cmd,0,5164115,1K,in,client
PPR1.180610.011.A505USQU3ASL6, OPSS28.85-17-6, unknown, unknown, unknown,23, write_cmd,0,4109346,1K,in,client
PPR1.180610.011.A505USQU3ASL6, OPSS28.85-17-6, unknown, unknown, unknown,23, write_cmd,0,3748885,1K,in,client
PPR1.180610.011.A505USQU3ASL6, OPSS28.85-17-6, unknown, unknown, unknown,23, write_cmd,0,3382385,1K,in,client
PPR1.180610.011.A505USQU3ASL6, OPSS28.85-17-6, unknown, unknown, unknown,23, write_cmd,0,4028769,1K,in,client
PPR1.180610.011.A505USQU3ASL6, OPSS28.85-17-6, unknown, unknown, unknown,23, write_cmd,0,4004538,1K,in,client
PPR1.180610.011.A505USQU3ASL6, OPSS28.85-17-6, unknown, unknown, unknown,23, write_cmd,0,4459693,1K,in,client
PPR1.180610.011.A505USQU3ASL6, OPSS28.85-17-6, unknown, unknown, unknown,23, write_cmd,0,6677500,1K,in,client
PPR1.180610.011.A505USQU3ASL6, OPSS28.85-17-6, unknown, unknown, unknown,23, write_cmd,0,4622231,1K,in,client
PPR1.180610.011.A505USQU3ASL6, OPSS28.85-17-6, unknown, unknown, unknown,23, write_cmd,0,3339808,1K,in,client
PPR1.180610.011.A505USQU3ASL6, OPSS28.85-17-6, unknown, unknown, unknown,23, write_cmd,0,4802154,1K,in,client
PPR1.180610.011.A505USQU3ASL6, OPSS28.85-17-6, unknown, unknown, unknown,23, write_cmd,0,5124577,1K,in,client
PPR1.180610.011.A505USQU3ASL6, OPSS28.85-17-6, unknown, unknown, unknown,23, write_cmd,0,2018808,1K,in,client
PPR1.180610.011.A505USQU3ASL6, OPSS28.85-17-6, unknown, unknown, unknown,23, write_cmd,0,2393231,1K,in,client
PPR1.180610.011.A505USQU3ASL6, OPSS28.85-17-6, unknown, unknown, unknown,23, write_cmd,0,2339462,1K,in,client
PPR1.180610.011.A505USQU3ASL6, OPSS28.85-17-6, unknown, unknown, unknown,23, write_cmd,0,3053269,1K,in,client
PPR1.180610.011.A505USQU3ASL6, OPSS28.85-17-6, unknown, unknown, unknown,23, write_cmd,0,3774616,1K,in,client
PPR1.180610.011.A505USQU3ASL6, OPSS28.85-17-6, unknown, unknown, unknown,23, write_cmd,0,3849923,1K,in,client
PPR1.180610.011.A505USQU3ASL6, OPSS28.85-17-6, unknown, unknown, unknown,23, write_cmd,0,3412154,1K,in,client
PPR1.180610.011.A505USQU3ASL6, OPSS28.85-17-6, unknown, unknown, unknown,23, write_cmd,0,3310000,1K,in,client
PPR1.180610.011.A505USQU3ASL6, OPSS28.85-17-6, unknown, unknown, unknown,23, write_cmd,0,3430193,1K,in,client
PPR1.180610.011.A505USQU3ASL6, OPSS28.85-17-6, unknown, unknown, unknown,23, write_cmd,0,3374154,1K,in,client
PPR1.180610.011.A505USQU3ASL6, OPSS28.85-17-6, unknown, unknown, unknown,23, write_cmd,0,3449730,1K,in,client
PPR1.180610.011.A505USQU3ASL6, OPSS28.85-17-6, unknown, unknown, unknown,23, write_cmd,0,3407077,1K,in,client
PPR1.180610.011.A505USQU3ASL6, OPSS28.85-17-6, unknown, unknown, unknown,23, write_cmd,0,3430769,1K,in,client
PPR1.180610.011.A505USQU3ASL6, OPSS28.85-17-6, unknown, unknown, unknown,23, write_cmd,0,3412115,1K,in,client
PPR1.180610.011.A505USQU3ASL6, OPSS28.85-17-6, unknown, unknown, unknown,23, write_cmd,0,2624077,1K,in,client
PPR1.180610.011.A505USQU3ASL6, OPSS28.85-17-6, unknown, unknown, unknown,23, write_cmd,0,3832192,1K,in,client
PPR1.180610.011.A505USQU3ASL6, OPSS28.85-17-6, unknown, unknown, unknown,23, write_cmd,0,2464193,1K,in,client
PPR1.180610.011.A505USQU3ASL6, OPSS28.85-17-6, unknown, unknown, unknown,23, write_cmd,0,3547193,1K,in,client
PPR1.180610.011.A505USQU3ASL6, OPSS28.85-17-6, unknown, unknown, unknown,23, write_cmd,0,2877585036,1K,in,client
PPR1.180610.011.A505USQU3ASL6, OPSS28.85-17-6, unknown, unknown, unknown,23, write_cmd,0,7303692,1K,in,client
PPR1.180610.011.A505USQU3ASL6, OPSS28.85-17-6, unknown, unknown, unknown,23, write_cmd,0,5913884,1K,in,client
PPR1.180610.011.A505USQU3ASL6, OPSS28.85-17-6, unknown, unknown, unknown,23, write_cmd,0,5414000,1K,in,client
PPR1.180610.011.A505USQU3ASL6, OPSS28.85-17-6, unknown, unknown, unknown,23, write_cmd,0,7190769,1K,in,client
PPR1.180610.011.A505USQU3ASL6, OPSS28.85-17-6, unknown, unknown, unknown,23, write_cmd,0,5803270,1K,in,client
PPR1.180610.011.A505USQU3ASL6, OPSS28.85-17-6, unknown, unknown, unknown,23, write_cmd,0,5831346,1K,in,client
PPR1.180610.011.A505USQU3ASL6, OPSS28.85-17-6, unknown, unknown, unknown,23, write_cmd,0,8466154,1K,in,client
PPR1.180610.011.A505USQU3ASL6, OPSS28.85-17-6, unknown, unknown, unknown,23, write_cmd,0,6017423,1K,in,client
PPR1.180610.011.A505USQU3ASL6, OPSS28.85-17-6, unknown, unknown, unknown,23, write_cmd,0,7840115,1K,in,client
PPR1.180610.011.A505USQU3ASL6, OPSS28.85-17-6, unknown, unknown, unknown,23, write_cmd,0,6018116,1K,in,client
PPR1.180610.011.A505USQU3ASL6, OPSS28.85-17-6, unknown, unknown, unknown,23, write_cmd,0,5815538,1K,in,client
PPR1.180610.011.A505USQU3ASL6, OPSS28.85-17-6, unknown, unknown, unknown,23, write_cmd,0,6336500,1K,in,client
PPR1.180610.011.A505USQU3ASL6, OPSS28.85-17-6, unknown, unknown, unknown,23, write_cmd,0,5391000,1K,in,client
PPR1.180610.011.A505USQU3ASL6, OPSS28.85-17-6, unknown, unknown, unknown,23, write_cmd,0,5973192,1K,in,client
PPR1.180610.011.A505USQU3ASL6, OPSS28.85-17-6, unknown, unknown, unknown,23, write_cmd,0,5714577,1K,in,client
PPR1.180610.011.A505USQU3ASL6, OPSS28.85-17-6, unknown, unknown, unknown,23, write_cmd,0,5882538,1K,in,client
PPR1.180610.011.A505USQU3ASL6, OPSS28.85-17-6, unknown, unknown, unknown,23, write_cmd,0,6975077,1K,in,client
PPR1.180610.011.A505USQU3ASL6, OPSS28.85-17-6, unknown, unknown, unknown,23, write_cmd,0,6748038,1K,in,client
PPR1.180610.011.A505USQU3ASL6, OPSS28.85-17-6, unknown, unknown, unknown,23, write_cmd,0,7338769,1K,in,client
PPR1.180610.011.A505USQU3ASL6, OPSS28.85-17-6, unknown, unknown, unknown,23, write_cmd,0,5874462,1K,in,client
PPR1.180610.011.A505USQU3ASL6, OPSS28.85-17-6, unknown, unknown, unknown,23, write_cmd,0,5856462,1K,in,client
PPR1.180610.011.A505USQU3ASL6, OPSS28.85-17-6, unknown, unknown, unknown,23, write_cmd,0,6079693,1K,in,client
PPR1.180610.011.A505USQU3ASL6, OPSS28.85-17-6, unknown, unknown, unknown,23, write_cmd,0,5714231,1K,in,client
PPR1.180610.011.A505USQU3ASL6, OPSS28.85-17-6, unknown, unknown, unknown,23, write_cmd,0,6445346,1K,in,client
PPR1.180610.011.A505USQU3ASL6, OPSS28.85-17-6, unknown, unknown, unknown,23, write_cmd,0,5625769,1K,in,client
PPR1.180610.011.A505USQU3ASL6, OPSS28.85-17-6, unknown, unknown, unknown,23, write_cmd,0,5049000,1K,in,client
PPR1.180610.011.A505USQU3ASL6, OPSS28.85-17-6, unknown, unknown, unknown,23, write_cmd,0,5205076,1K,in,client
PPR1.180610.011.A505USQU3ASL6, OPSS28.85-17-6, unknown, unknown, unknown,23, write_cmd,0,4962346,1K,in,client
PPR1.180610.011.A505USQU3ASL6, OPSS28.85-17-6, unknown, unknown, unknown,23, write_cmd,0,6981423,1K,in,client
PPR1.180610.011.A505USQU3ASL6, OPSS28.85-17-6, unknown, unknown, unknown,23, write_cmd,0,6955115,1K,in,client
PPR1.180610.011.A505USQU3ASL6, OPSS28.85-17-6, unknown, unknown, unknown,23, write_cmd,0,5593846,1K,in,client
PPR1.180610.011.A505USQU3ASL6, OPSS28.85-17-6, unknown, unknown, unknown,23, write_cmd,0,5582230,1K,in,client
PPR1.180610.011.A505USQU3ASL6, OPSS28.85-17-6, unknown, unknown, unknown,23, write_cmd,0,4987923,1K,in,client
PPR1.180610.011.A505USQU3ASL6, OPSS28.85-17-6, unknown, unknown, unknown,23, write_cmd,0,5289616,1K,in,client
PPR1.180610.011.A505USQU3ASL6, OPSS28.85-17-6, unknown, unknown, unknown,23, write_cmd,0,6218461,1K,in,client
PPR1.180610.011.A505USQU3ASL6, OPSS28.85-17-6, unknown, unknown, unknown,23, write_cmd,0,5409616,1K,in,client
PPR1.180610.011.A505USQU3ASL6, OPSS28.85-17-6, unknown, unknown, unknown,23, write_cmd,0,6459462,1K,in,client
PPR1.180610.011.A505USQU3ASL6, OPSS28.85-17-6, unknown, unknown, unknown,23, write_cmd,0,5978770,1K,in,client
PPR1.180610.011.A505USQU3ASL6, OPSS28.85-17-6, unknown, unknown, unknown,23, write_cmd,0,5041346,1K,in,client
PPR1.180610.011.A505USQU3ASL6, OPSS28.85-17-6, unknown, unknown, unknown,23, write_cmd,0,3938846,1K,in,client
PPR1.180610.011.A505USQU3ASL6, OPSS28.85-17-6, unknown, unknown, unknown,23, write_cmd,0,5647653,1K,in,client
PPR1.180610.011.A505USQU3ASL6, OPSS28.85-17-6, unknown, unknown, unknown,23, write_cmd,0,5064000,1K,in,client
PPR1.180610.011.A505USQU3ASL6, OPSS28.85-17-6, unknown, unknown, unknown,23, write_cmd,0,4918538,1K,in,client
PPR1.180610.011.A505USQU3ASL6, OPSS28.85-17-6, unknown, unknown, unknown,23, write_cmd,0,5005539,1K,in,client
PPR1.180610.011.A505USQU3ASL6, OPSS28.85-17-6, unknown, unknown, unknown,23, write_cmd,0,6664000,1K,in,client
PPR1.180610.011.A505USQU3ASL6, OPSS28.85-17-6, unknown, unknown, unknown,23, write_cmd,0,4970961,1K,in,client
PPR1.180610.011.A505USQU3ASL6, OPSS28.85-17-6, unknown, unknown, unknown,23, write_cmd,0,4960192,1K,in,client
PPR1.180610.011.A505USQU3ASL6, OPSS28.85-17-6, unknown, unknown, unknown,23, write_cmd,0,3802308,1K,in,client
PPR1.180610.011.A505USQU3ASL6, OPSS28.85-17-6, unknown, unknown, unknown,23, write_cmd,0,4453577,1K,in,client
PPR1.180610.011.A505USQU3ASL6, OPSS28.85-17-6, unknown, unknown, unknown,23, write_cmd,0,5646385,1K,in,client
PPR1.180610.011.A505USQU3ASL6, OPSS28.85-17-6, unknown, unknown, unknown,23, write_cmd,0,7103846,1K,in,client
PPR1.180610.011.A505USQU3ASL6, OPSS28.85-17-6, unknown, unknown, unknown,23, write_cmd,0,5343884,1K,in,client
PPR1.180610.011.A505USQU3ASL6, OPSS28.85-17-6, unknown, unknown, unknown,23, write_cmd,0,3994077,1K,in,client
PPR1.180610.011.A505USQU3ASL6, OPSS28.85-17-6, unknown, unknown, unknown,23, write_cmd,0,6083423,1K,in,client
PPR1.180610.011.A505USQU3ASL6, OPSS28.85-17-6, unknown, unknown, unknown,23, write_cmd,0,5341038,1K,in,client
PPR1.180610.011.A505USQU3ASL6, OPSS28.85-17-6, unknown, unknown, unknown,23, write_cmd,0,4960730,1K,in,client
PPR1.180610.011.A505USQU3ASL6, OPSS28.85-17-6, unknown, unknown, unknown,23, write_cmd,0,6565000,1K,in,client
PPR1.180610.011.A505USQU3ASL6, OPSS28.85-17-6, unknown, unknown, unknown,23, write_cmd,0,4574962,1K,in,client
PPR1.180610.011.A505USQU3ASL6, OPSS28.85-17-6, unknown, unknown, unknown,23, write_cmd,0,6317615,1K,in,client
PPR1.180610.011.A505USQU3ASL6, OPSS28.85-17-6, unknown, unknown, unknown,23, write_cmd,0,4795346,1K,in,client
PPR1.180610.011.A505USQU3ASL6, OPSS28.85-17-6, unknown, unknown, unknown,23, write_cmd,0,6353769,1K,in,client
PPR1.180610.011.A505USQU3ASL6, OPSS28.85-17-6, unknown, unknown, unknown,23, write_cmd,0,6060654,1K,in,client
PPR1.180610.011.A505USQU3ASL6, OPSS28.85-17-6, unknown, unknown, unknown,23, write_cmd,0,5458962,1K,in,client
PPR1.180610.011.A505USQU3ASL6, OPSS28.85-17-6, unknown, unknown, unknown,23, write_cmd,0,6047769,1K,in,client
PPR1.180610.011.A505USQU3ASL6, OPSS28.85-17-6, unknown, unknown, unknown,23, write_cmd,0,7093500,1K,in,client
PPR1.180610.011.A505USQU3ASL6, OPSS28.85-17-6, unknown, unknown, unknown,23, write_cmd,0,5071423,1K,in,client
PPR1.180610.011.A505USQU3ASL6, OPSS28.85-17-6, unknown, unknown, unknown,23, write_cmd,0,3428961,1K,in,client
PPR1.180610.011.A505USQU3ASL6, OPSS28.85-17-6, unknown, unknown, unknown,23, write_cmd,0,5579807,1K,in,client
PPR1.180610.011.A505USQU3ASL6, OPSS28.85-17-6, unknown, unknown, unknown,23, write_cmd,0,4740039,1K,in,client
PPR1.180610.011.A505USQU3ASL6, OPSS28.85-17-6, unknown, unknown, unknown,23, write_cmd,0,4955000,1K,in,client
PPR1.180610.011.A505USQU3ASL6, OPSS28.85-17-6, unknown, unknown, unknown,23, write_cmd,0,4284692,1K,in,client
PPR1.180610.011.A505USQU3ASL6, OPSS28.85-17-6, unknown, unknown, unknown,23, write_cmd,0,3031385,1K,in,client
PPR1.180610.011.A505USQU3ASL6, OPSS28.85-17-6, unknown, unknown, unknown,23, write_cmd,0,3078769,1K,in,client
PPR1.180610.011.A505USQU3ASL6, OPSS28.85-17-6, unknown, unknown, unknown,23, write_cmd,0,2842077,1K,in,client
PPR1.180610.011.A505USQU3ASL6, OPSS28.85-17-6, unknown, unknown, unknown,23, write_cmd,0,3314230,1K,in,client
PPR1.180610.011.A505USQU3ASL6, OPSS28.85-17-6, unknown, unknown, unknown,23, write_cmd,0,8057769,1K,in,client
PPR1.180610.011.A505USQU3ASL6, OPSS28.85-17-6, unknown, unknown, unknown,23, write_cmd,0,5093038,1K,in,client
PPR1.180610.011.A505USQU3ASL6, OPSS28.85-17-6, unknown, unknown, unknown,23, write_cmd,0,4766961,1K,in,client
PPR1.180610.011.A505USQU3ASL6, OPSS28.85-17-6, unknown, unknown, unknown,23, write_cmd,0,3497038,1K,in,client
PPR1.180610.011.A505USQU3ASL6, OPSS28.85-17-6, unknown, unknown, unknown,23, write_cmd,0,3139307,1K,in,client
PPR1.180610.011.A505USQU3ASL6, OPSS28.85-17-6, unknown, unknown, unknown,23, write_cmd,0,3032000,1K,in,client
PPR1.180610.011.A505USQU3ASL6, OPSS28.85-17-6, unknown, unknown, unknown,23, write_cmd,0,4369962,1K,in,client
PPR1.180610.011.A505USQU3ASL6, OPSS28.85-17-6, unknown, unknown, unknown,23, write_cmd,0,3866616,1K,in,client
PPR1.180610.011.A505USQU3ASL6, OPSS28.85-17-6, unknown, unknown, unknown,23, write_cmd,0,3557385,1K,in,client
PPR1.180610.011.A505USQU3ASL6, OPSS28.85-17-6, unknown, unknown, unknown,23, write_cmd,0,4760577,1K,in,client
PPR1.180610.011.A505USQU3ASL6, OPSS28.85-17-6, unknown, unknown, unknown,23, write_cmd,0,4056077,1K,in,client
PPR1.180610.011.A505USQU3ASL6, OPSS28.85-17-6, unknown, unknown, unknown,23, write_cmd,0,4237000,1K,in,client
PPR1.180610.011.A505USQU3ASL6, OPSS28.85-17-6, unknown, unknown, unknown,23, write_cmd,0,5220116,1K,in,client
PPR1.180610.011.A505USQU3ASL6, OPSS28.85-17-6, unknown, unknown, unknown,23, write_cmd,0,3447269,1K,in,client
PPR1.180610.011.A505USQU3ASL6, OPSS28.85-17-6, unknown, unknown, unknown,23, write_cmd,0,4549923,1K,in,client
PPR1.180610.011.A505USQU3ASL6, OPSS28.85-17-6, unknown, unknown, unknown,23, write_cmd,0,4516462,1K,in,client
PPR1.180610.011.A505USQU3ASL6, OPSS28.85-17-6, unknown, unknown, unknown,23, write_cmd,0,4760423,1K,in,client
PPR1.180610.011.A505USQU3ASL6, OPSS28.85-17-6, unknown, unknown, unknown,23, write_cmd,0,6105808,1K,in,client
PPR1.180610.011.A505USQU3ASL6, OPSS28.85-17-6, unknown, unknown, unknown,23, write_cmd,0,3648923,1K,in,client
PPR1.180610.011.A505USQU3ASL6, OPSS28.85-17-6, unknown, unknown, unknown,23, write_cmd,0,3912654,1K,in,client
PPR1.180610.011.A505USQU3ASL6, OPSS28.85-17-6, unknown, unknown, unknown,23, write_cmd,0,4984923,1K,in,client
PPR1.180610.011.A505USQU3ASL6, OPSS28.85-17-6, unknown, unknown, unknown,23, write_cmd,0,5624384,1K,in,client
PPR1.180610.011.A505USQU3ASL6, OPSS28.85-17-6, unknown, unknown, unknown,23, write_cmd,0,7152385,1K,in,client
PPR1.180610.011.A505USQU3ASL6, OPSS28.85-17-6, unknown, unknown, unknown,23, write_cmd,0,7934192,1K,in,client
PPR1.180610.011.A505USQU3ASL6, OPSS28.85-17-6, unknown, unknown, unknown,23, write_cmd,0,5559538,1K,in,client
PPR1.180610.011.A505USQU3ASL6, OPSS28.85-17-6, unknown, unknown, unknown,23, write_cmd,0,5209577,1K,in,client
PPR1.180610.011.A505USQU3ASL6, OPSS28.85-17-6, unknown, unknown, unknown,23, write_cmd,0,6437385,1K,in,client
PPR1.180610.011.A505USQU3ASL6, OPSS28.85-17-6, unknown, unknown, unknown,23, write_cmd,0,5735885,1K,in,client
PPR1.180610.011.A505USQU3ASL6, OPSS28.85-17-6, unknown, unknown, unknown,23, write_cmd,0,5264307,1K,in,client
PPR1.180610.011.A505USQU3ASL6, OPSS28.85-17-6, unknown, unknown, unknown,23, write_cmd,0,5321423,1K,in,client
PPR1.180610.011.A505USQU3ASL6, OPSS28.85-17-6, unknown, unknown, unknown,23, write_cmd,0,5644653,1K,in,client
PPR1.180610.011.A505USQU3ASL6, OPSS28.85-17-6, unknown, unknown, unknown,23, write_cmd,0,7859000,1K,in,client
PPR1.180610.011.A505USQU3ASL6, OPSS28.85-17-6, unknown, unknown, unknown,23, write_cmd,0,5181923,1K,in,client
PPR1.180610.011.A505USQU3ASL6, OPSS28.85-17-6, unknown, unknown, unknown,23, write_cmd,0,5651230,1K,in,client
PPR1.180610.011.A505USQU3ASL6, OPSS28.85-17-6, unknown, unknown, unknown,23, write_cmd,0,5853770,1K,in,client
PPR1.180610.011.A505USQU3ASL6, OPSS28.85-17-6, unknown, unknown, unknown,23, write_cmd,0,5705384,1K,in,client
PPR1.180610.011.A505USQU3ASL6, OPSS28.85-17-6, unknown, unknown, unknown,23, write_cmd,0,5284347,1K,in,client
PPR1.180610.011.A505USQU3ASL6, OPSS28.85-17-6, unknown, unknown, unknown,23, write_cmd,0,5943077,1K,in,client
PPR1.180610.011.A505USQU3ASL6, OPSS28.85-17-6, unknown, unknown, unknown,23, write_cmd,0,5922692,1K,in,client
PPR1.180610.011.A505USQU3ASL6, OPSS28.85-17-6, unknown, unknown, unknown,23, write_cmd,0,5842077,1K,in,client
PPR1.180610.011.A505USQU3ASL6, OPSS28.85-17-6, unknown, unknown, unknown,23, write_cmd,0,5596462,1K,in,client
PPR1.180610.011.A505USQU3ASL6, OPSS28.85-17-6, unknown, unknown, unknown,23, write_cmd,0,6914231,1K,in,client
PPR1.180610.011.A505USQU3ASL6, OPSS28.85-17-6, unknown, unknown, unknown,23, write_cmd,0,8790654,1K,in,client
PPR1.180610.011.A505USQU3ASL6, OPSS28.85-17-6, unknown, unknown, unknown,23, write_cmd,0,5381385,1K,in,client
PPR1.180610.011.A505USQU3ASL6, OPSS28.85-17-6, unknown, unknown, unknown,23, write_cmd,0,6661500,1K,in,client
PPR1.180610.011.A505USQU3ASL6, OPSS28.85-17-6, unknown, unknown, unknown,23, write_cmd,0,6326115,1K,in,client
PPR1.180610.011.A505USQU3ASL6, OPSS28.85-17-6, unknown, unknown, unknown,23, write_cmd,0,4988577,1K,in,client
PPR1.180610.011.A505USQU3ASL6, OPSS28.85-17-6, unknown, unknown, unknown,23, write_cmd,0,4158962,1K,in,client
PPR1.180610.011.A505USQU3ASL6, OPSS28.85-17-6, unknown, unknown, unknown,23, write_cmd,0,4674846,1K,in,client
PPR1.180610.011.A505USQU3ASL6, OPSS28.85-17-6, unknown, unknown, unknown,23, write_cmd,0,6296654,1K,in,client
PPR1.180610.011.A505USQU3ASL6, OPSS28.85-17-6, unknown, unknown, unknown,23, write_cmd,0,5243192,1K,in,client
PPR1.180610.011.A505USQU3ASL6, OPSS28.85-17-6, unknown, unknown, unknown,23, write_cmd,0,6597961,1K,in,client
PPR1.180610.011.A505USQU3ASL6, OPSS28.85-17-6, unknown, unknown, unknown,23, write_cmd,0,7056731,1K,in,client
PPR1.180610.011.A505USQU3ASL6, OPSS28.85-17-6, unknown, unknown, unknown,23, write_cmd,0,7389462,1K,in,client
PPR1.180610.011.A505USQU3ASL6, OPSS28.85-17-6, unknown, unknown, unknown,23, write_cmd,0,2726203421,1K,in,client
PPR1.180610.011.A505USQU3ASL6, OPSS28.85-17-6, unknown, unknown, unknown,23, write_cmd,0,2951000,1K,in,client
PPR1.180610.011.A505USQU3ASL6, OPSS28.85-17-6, unknown, unknown, unknown,23, write_cmd,0,3159346,1K,in,client
PPR1.180610.011.A505USQU3ASL6, OPSS28.85-17-6, unknown, unknown, unknown,23, write_cmd,0,3424769,1K,in,client
PPR1.180610.011.A505USQU3ASL6, OPSS28.85-17-6, unknown, unknown, unknown,23, write_cmd,0,10533000,1K,in,client
PPR1.180610.011.A505USQU3ASL6, OPSS28.85-17-6, unknown, unknown, unknown,23, write_cmd,0,3440654,1K,in,client
PPR1.180610.011.A505USQU3ASL6, OPSS28.85-17-6, unknown, unknown, unknown,23, write_cmd,0,3680269,1K,in,client
PPR1.180610.011.A505USQU3ASL6, OPSS28.85-17-6, unknown, unknown, unknown,23, write_cmd,0,3502461,1K,in,client
PPR1.180610.011.A505USQU3ASL6, OPSS28.85-17-6, unknown, unknown, unknown,23, write_cmd,0,3548115,1K,in,client
PPR1.180610.011.A505USQU3ASL6, OPSS28.85-17-6, unknown, unknown, unknown,23, write_cmd,0,2985269,1K,in,client
PPR1.180610.011.A505USQU3ASL6, OPSS28.85-17-6, unknown, unknown, unknown,23, write_cmd,0,3920115,1K,in,client
PPR1.180610.011.A505USQU3ASL6, OPSS28.85-17-6, unknown, unknown, unknown,23, write_cmd,0,3517346,1K,in,client
PPR1.180610.011.A505USQU3ASL6, OPSS28.85-17-6, unknown, unknown, unknown,23, write_cmd,0,3567961,1K,in,client
PPR1.180610.011.A505USQU3ASL6, OPSS28.85-17-6, unknown, unknown, unknown,23, write_cmd,0,5522193,1K,in,client
PPR1.180610.011.A505USQU3ASL6, OPSS28.85-17-6, unknown, unknown, unknown,23, write_cmd,0,3714923,1K,in,client
PPR1.180610.011.A505USQU3ASL6, OPSS28.85-17-6, unknown, unknown, unknown,23, write_cmd,0,6613423,1K,in,client
PPR1.180610.011.A505USQU3ASL6, OPSS28.85-17-6, unknown, unknown, unknown,23, write_cmd,0,4970039,1K,in,client
PPR1.180610.011.A505USQU3ASL6, OPSS28.85-17-6, unknown, unknown, unknown,23, write_cmd,0,3361269,1K,in,client
PPR1.180610.011.A505USQU3ASL6, OPSS28.85-17-6, unknown, unknown, unknown,23, write_cmd,0,3508769,1K,in,client
PPR1.180610.011.A505USQU3ASL6, OPSS28.85-17-6, unknown, unknown, unknown,23, write_cmd,0,4417153,1K,in,client
PPR1.180610.011.A505USQU3ASL6, OPSS28.85-17-6, unknown, unknown, unknown,23, write_cmd,0,4971885,1K,in,client
PPR1.180610.011.A505USQU3ASL6, OPSS28.85-17-6, unknown, unknown, unknown,23, write_cmd,0,4592269,1K,in,client
PPR1.180610.011.A505USQU3ASL6, OPSS28.85-17-6, unknown, unknown, unknown,23, write_cmd,0,3884462,1K,in,client
PPR1.180610.011.A505USQU3ASL6, OPSS28.85-17-6, unknown, unknown, unknown,23, write_cmd,0,5291693,1K,in,client
PPR1.180610.011.A505USQU3ASL6, OPSS28.85-17-6, unknown, unknown, unknown,23, write_cmd,0,4283270,1K,in,client
PPR1.180610.011.A505USQU3ASL6, OPSS28.85-17-6, unknown, unknown, unknown,23, write_cmd,0,5314308,1K,in,client
PPR1.180610.011.A505USQU3ASL6, OPSS28.85-17-6, unknown, unknown, unknown,23, write_cmd,0,6043154,1K,in,client
PPR1.180610.011.A505USQU3ASL6, OPSS28.85-17-6, unknown, unknown, unknown,23, write_cmd,0,5204731,1K,in,client
PPR1.180610.011.A505USQU3ASL6, OPSS28.85-17-6, unknown, unknown, unknown,23, write_cmd,0,4369692,1K,in,client
PPR1.180610.011.A505USQU3ASL6, OPSS28.85-17-6, unknown, unknown, unknown,23, write_cmd,0,4777692,1K,in,client
PPR1.180610.011.A505USQU3ASL6, OPSS28.85-17-6, unknown, unknown, unknown,23, write_cmd,0,5310115,1K,in,client
PPR1.180610.011.A505USQU3ASL6, OPSS28.85-17-6, unknown, unknown, unknown,23, write_cmd,0,8223423,1K,in,client
PPR1.180610.011.A505USQU3ASL6, OPSS28.85-17-6, unknown, unknown, unknown,23, write_cmd,0,4916923,1K,in,client
PPR1.180610.011.A505USQU3ASL6, OPSS28.85-17-6, unknown, unknown, unknown,23, write_cmd,0,4580346,1K,in,client
PPR1.180610.011.A505USQU3ASL6, OPSS28.85-17-6, unknown, unknown, unknown,23, write_cmd,0,5036000,1K,in,client
PPR1.180610.011.A505USQU3ASL6, OPSS28.85-17-6, unknown, unknown, unknown,23, write_cmd,0,3885923,1K,in,client
PPR1.180610.011.A505USQU3ASL6, OPSS28.85-17-6, unknown, unknown, unknown,23, write_cmd,0,4210961,1K,in,client
PPR1.180610.011.A505USQU3ASL6, OPSS28.85-17-6, unknown, unknown, unknown,23, write_cmd,0,4276461,1K,in,client
PPR1.180610.011.A505USQU3ASL6, OPSS28.85-17-6, unknown, unknown, unknown,23, write_cmd,0,4378693,1K,in,client
PPR1.180610.011.A505USQU3ASL6, OPSS28.85-17-6, unknown, unknown, unknown,23, write_cmd,0,4166962,1K,in,client
PPR1.180610.011.A505USQU3ASL6, OPSS28.85-17-6, unknown, unknown, unknown,23, write_cmd,0,3306154,1K,in,client
PPR1.180610.011.A505USQU3ASL6, OPSS28.85-17-6, unknown, unknown, unknown,23, write_cmd,0,3330231,1K,in,client
PPR1.180610.011.A505USQU3ASL6, OPSS28.85-17-6, unknown, unknown, unknown,23, write_cmd,0,2985923,1K,in,client
PPR1.180610.011.A505USQU3ASL6, OPSS28.85-17-6, unknown, unknown, unknown,23, write_cmd,0,3424038,1K,in,client
PPR1.180610.011.A505USQU3ASL6, OPSS28.85-17-6, unknown, unknown, unknown,23, write_cmd,0,3670577,1K,in,client
PPR1.180610.011.A505USQU3ASL6, OPSS28.85-17-6, unknown, unknown, unknown,23, write_cmd,0,3880154,1K,in,client
PPR1.180610.011.A505USQU3ASL6, OPSS28.85-17-6, unknown, unknown, unknown,23, write_cmd,0,2686307,1K,in,client
PPR1.180610.011.A505USQU3ASL6, OPSS28.85-17-6, unknown, unknown, unknown,23, write_cmd,0,3866461,1K,in,client
PPR1.180610.011.A505USQU3ASL6, OPSS28.85-17-6, unknown, unknown, unknown,23, write_cmd,0,3494308,1K,in,client
PPR1.180610.011.A505USQU3ASL6, OPSS28.85-17-6, unknown, unknown, unknown,23, write_cmd,0,2906500,1K,in,client
PPR1.180610.011.A505USQU3ASL6, OPSS28.85-17-6, unknown, unknown, unknown,23, write_cmd,0,2596039,1K,in,client
PPR1.180610.011.A505USQU3ASL6, OPSS28.85-17-6, unknown, unknown, unknown,23, write_cmd,0,5108923,1K,in,client
PPR1.180610.011.A505USQU3ASL6, OPSS28.85-17-6, unknown, unknown, unknown,23, write_cmd,0,5231115,1K,in,client
PPR1.180610.011.A505USQU3ASL6, OPSS28.85-17-6, unknown, unknown, unknown,23, write_cmd,0,4490885,1K,in,client
PPR1.180610.011.A505USQU3ASL6, OPSS28.85-17-6, unknown, unknown, unknown,23, write_cmd,0,3574769,1K,in,client
PPR1.180610.011.A505USQU3ASL6, OPSS28.85-17-6, unknown, unknown, unknown,23, write_cmd,0,5956808,1K,in,client
PPR1.180610.011.A505USQU3ASL6, OPSS28.85-17-6, unknown, unknown, unknown,23, write_cmd,0,6332730,1K,in,client
PPR1.180610.011.A505USQU3ASL6, OPSS28.85-17-6, unknown, unknown, unknown,23, write_cmd,0,3215654,1K,in,client
PPR1.180610.011.A505USQU3ASL6, OPSS28.85-17-6, unknown, unknown, unknown,23, write_cmd,0,4647000,1K,in,client
PPR1.180610.011.A505USQU3ASL6, OPSS28.85-17-6, unknown, unknown, unknown,23, write_cmd,0,4617615,1K,in,client
PPR1.180610.011.A505USQU3ASL6, OPSS28.85-17-6, unknown, unknown, unknown,23, write_cmd,0,4386270,1K,in,client
PPR1.180610.011.A505USQU3ASL6, OPSS28.85-17-6, unknown, unknown, unknown,23, write_cmd,0,4462654,1K,in,client
PPR1.180610.011.A505USQU3ASL6, OPSS28.85-17-6, unknown, unknown, unknown,23, write_cmd,0,4130231,1K,in,client
PPR1.180610.011.A505USQU3ASL6, OPSS28.85-17-6, unknown, unknown, unknown,23, write_cmd,0,3835154,1K,in,client
PPR1.180610.011.A505USQU3ASL6, OPSS28.85-17-6, unknown, unknown, unknown,23, write_cmd,0,5132731,1K,in,client
PPR1.180610.011.A505USQU3ASL6, OPSS28.85-17-6, unknown, unknown, unknown,23, write_cmd,0,4506808,1K,in,client
PPR1.180610.011.A505USQU3ASL6, OPSS28.85-17-6, unknown, unknown, unknown,23, write_cmd,0,4670538,1K,in,client
PPR1.180610.011.A505USQU3ASL6, OPSS28.85-17-6, unknown, unknown, unknown,23, write_cmd,0,4395192,1K,in,client
PPR1.180610.011.A505USQU3ASL6, OPSS28.85-17-6, unknown, unknown, unknown,23, write_cmd,0,4240769,1K,in,client
PPR1.180610.011.A505USQU3ASL6, OPSS28.85-17-6, unknown, unknown, unknown,23, write_cmd,0,2934539,1K,in,client
PPR1.180610.011.A505USQU3ASL6, OPSS28.85-17-6, unknown, unknown, unknown,23, write_cmd,0,3736692,1K,in,client
PPR1.180610.011.A505USQU3ASL6, OPSS28.85-17-6, unknown, unknown, unknown,23, write_cmd,0,4095000,1K,in,client
PPR1.180610.011.A505USQU3ASL6, OPSS28.85-17-6, unknown, unknown, unknown,23, write_cmd,0,5389962,1K,in,client
PPR1.180610.011.A505USQU3ASL6, OPSS28.85-17-6, unknown, unknown, unknown,23, write_cmd,0,4954269,1K,in,client
PPR1.180610.011.A505USQU3ASL6, OPSS28.85-17-6, unknown, unknown, unknown,23, write_cmd,0,5235346,1K,in,client
PPR1.180610.011.A505USQU3ASL6, OPSS28.85-17-6, unknown, unknown, unknown,23, write_cmd,0,4538616,1K,in,client
PPR1.180610.011.A505USQU3ASL6, OPSS28.85-17-6, unknown, unknown, unknown,23, write_cmd,0,5978846,1K,in,client
PPR1.180610.011.A505USQU3ASL6, OPSS28.85-17-6, unknown, unknown, unknown,23, write_cmd,0,5490039,1K,in,client
PPR1.180610.011.A505USQU3ASL6, OPSS28.85-17-6, unknown, unknown, unknown,23, write_cmd,0,5881731,1K,in,client
PPR1.180610.011.A505USQU3ASL6, OPSS28.85-17-6, unknown, unknown, unknown,23, write_cmd,0,5510000,1K,in,client
PPR1.180610.011.A505USQU3ASL6, OPSS28.85-17-6, unknown, unknown, unknown,23, write_cmd,0,5707000,1K,in,client
PPR1.180610.011.A505USQU3ASL6, OPSS28.85-17-6, unknown, unknown, unknown,23, write_cmd,0,5467769,1K,in,client
PPR1.180610.011.A505USQU3ASL6, OPSS28.85-17-6, unknown, unknown, unknown,23, write_cmd,0,6559308,1K,in,client
PPR1.180610.011.A505USQU3ASL6, OPSS28.85-17-6, unknown, unknown, unknown,23, write_cmd,0,6904615,1K,in,client
PPR1.180610.011.A505USQU3ASL6, OPSS28.85-17-6, unknown, unknown, unknown,23, write_cmd,0,5434962,1K,in,client
PPR1.180610.011.A505USQU3ASL6, OPSS28.85-17-6, unknown, unknown, unknown,23, write_cmd,0,4187923,1K,in,client
PPR1.180610.011.A505USQU3ASL6, OPSS28.85-17-6, unknown, unknown, unknown,23, write_cmd,0,3816346,1K,in,client
PPR1.180610.011.A505USQU3ASL6, OPSS28.85-17-6, unknown, unknown, unknown,23, write_cmd,0,4331731,1K,in,client
PPR1.180610.011.A505USQU3ASL6, OPSS28.85-17-6, unknown, unknown, unknown,23, write_cmd,0,5464731,1K,in,client
PPR1.180610.011.A505USQU3ASL6, OPSS28.85-17-6, unknown, unknown, unknown,23, write_cmd,0,6442923,1K,in,client
PPR1.180610.011.A505USQU3ASL6, OPSS28.85-17-6, unknown, unknown, unknown,23, write_cmd,0,4997769,1K,in,client
PPR1.180610.011.A505USQU3ASL6, OPSS28.85-17-6, unknown, unknown, unknown,23, write_cmd,0,5941153,1K,in,client
PPR1.180610.011.A505USQU3ASL6, OPSS28.85-17-6, unknown, unknown, unknown,23, write_cmd,0,4076577,1K,in,client
PPR1.180610.011.A505USQU3ASL6, OPSS28.85-17-6, unknown, unknown, unknown,23, write_cmd,0,4848962,1K,in,client
PPR1.180610.011.A505USQU3ASL6, OPSS28.85-17-6, unknown, unknown, unknown,23, write_cmd,0,5355923,1K,in,client
PPR1.180610.011.A505USQU3ASL6, OPSS28.85-17-6, unknown, unknown, unknown,23, write_cmd,0,5065115,1K,in,client
PPR1.180610.011.A505USQU3ASL6, OPSS28.85-17-6, unknown, unknown, unknown,23, write_cmd,0,5616923,1K,in,client
PPR1.180610.011.A505USQU3ASL6, OPSS28.85-17-6, unknown, unknown, unknown,23, write_cmd,0,3975230,1K,in,client
PPR1.180610.011.A505USQU3ASL6, OPSS28.85-17-6, unknown, unknown, unknown,23, write_cmd,0,6503308,1K,in,client
PPR1.180610.011.A505USQU3ASL6, OPSS28.85-17-6, unknown, unknown, unknown,23, write_cmd,0,5758616,1K,in,client
PPR1.180610.011.A505USQU3ASL6, OPSS28.85-17-6, unknown, unknown, unknown,23, write_cmd,0,5221500,1K,in,client
PPR1.180610.011.A505USQU3ASL6, OPSS28.85-17-6, unknown, unknown, unknown,23, write_cmd,0,5145385,1K,in,client
PPR1.180610.011.A505USQU3ASL6, OPSS28.85-17-6, unknown, unknown, unknown,23, write_cmd,0,10660731,1K,in,client
PPR1.180610.011.A505USQU3ASL6, OPSS28.85-17-6, unknown, unknown, unknown,23, write_cmd,0,5379077,1K,in,client
PPR1.180610.011.A505USQU3ASL6, OPSS28.85-17-6, unknown, unknown, unknown,23, write_cmd,0,4572885,1K,in,client
PPR1.180610.011.A505USQU3ASL6, OPSS28.85-17-6, unknown, unknown, unknown,23, write_cmd,0,4863154,1K,in,client
PPR1.180610.011.A505USQU3ASL6, OPSS28.85-17-6, unknown, unknown, unknown,23, write_cmd,0,5084884,1K,in,client
PPR1.180610.011.A505USQU3ASL6, OPSS28.85-17-6, unknown, unknown, unknown,23, write_cmd,0,5674461,1K,in,client
PPR1.180610.011.A505USQU3ASL6, OPSS28.85-17-6, unknown, unknown, unknown,23, write_cmd,0,6752538,1K,in,client
PPR1.180610.011.A505USQU3ASL6, OPSS28.85-17-6, unknown, unknown, unknown,23, write_cmd,0,5617039,1K,in,client
PPR1.180610.011.A505USQU3ASL6, OPSS28.85-17-6, unknown, unknown, unknown,23, write_cmd,0,5342346,1K,in,client
PPR1.180610.011.A505USQU3ASL6, OPSS28.85-17-6, unknown, unknown, unknown,23, write_cmd,0,7239731,1K,in,client
PPR1.180610.011.A505USQU3ASL6, OPSS28.85-17-6, unknown, unknown, unknown,23, write_cmd,0,5127846,1K,in,client
PPR1.180610.011.A505USQU3ASL6, OPSS28.85-17-6, unknown, unknown, unknown,23, write_cmd,0,5461231,1K,in,client
PPR1.180610.011.A505USQU3ASL6, OPSS28.85-17-6, unknown, unknown, unknown,23, write_cmd,0,5530231,1K,in,client
PPR1.180610.011.A505USQU3ASL6, OPSS28.85-17-6, unknown, unknown, unknown,23, write_cmd,0,4174807,1K,in,client
PPR1.180610.011.A505USQU3ASL6, OPSS28.85-17-6, unknown, unknown, unknown,23, write_cmd,0,4058153,1K,in,client
PPR1.180610.011.A505USQU3ASL6, OPSS28.85-17-6, unknown, unknown, unknown,23, write_cmd,0,5688847,1K,in,client
PPR1.180610.011.A505USQU3ASL6, OPSS28.85-17-6, unknown, unknown, unknown,23, write_cmd,0,2878661305,1K,in,client
PPR1.180610.011.A505USQU3ASL6, OPSS28.85-17-6, unknown, unknown, unknown,23, write_cmd,0,4703653,1K,in,client
PPR1.180610.011.A505USQU3ASL6, OPSS28.85-17-6, unknown, unknown, unknown,23, write_cmd,0,3907308,1K,in,client
PPR1.180610.011.A505USQU3ASL6, OPSS28.85-17-6, unknown, unknown, unknown,23, write_cmd,0,4187231,1K,in,client
PPR1.180610.011.A505USQU3ASL6, OPSS28.85-17-6, unknown, unknown, unknown,23, write_cmd,0,3731308,1K,in,client
PPR1.180610.011.A505USQU3ASL6, OPSS28.85-17-6, unknown, unknown, unknown,23, write_cmd,0,4102423,1K,in,client
PPR1.180610.011.A505USQU3ASL6, OPSS28.85-17-6, unknown, unknown, unknown,23, write_cmd,0,8988500,1K,in,client
PPR1.180610.011.A505USQU3ASL6, OPSS28.85-17-6, unknown, unknown, unknown,23, write_cmd,0,4369038,1K,in,client
PPR1.180610.011.A505USQU3ASL6, OPSS28.85-17-6, unknown, unknown, unknown,23, write_cmd,0,5493539,1K,in,client
PPR1.180610.011.A505USQU3ASL6, OPSS28.85-17-6, unknown, unknown, unknown,23, write_cmd,0,4332230,1K,in,client
PPR1.180610.011.A505USQU3ASL6, OPSS28.85-17-6, unknown, unknown, unknown,23, write_cmd,0,9243846,1K,in,client
PPR1.180610.011.A505USQU3ASL6, OPSS28.85-17-6, unknown, unknown, unknown,23, write_cmd,0,3639538,1K,in,client
PPR1.180610.011.A505USQU3ASL6, OPSS28.85-17-6, unknown, unknown, unknown,23, write_cmd,0,3579039,1K,in,client
PPR1.180610.011.A505USQU3ASL6, OPSS28.85-17-6, unknown, unknown, unknown,23, write_cmd,0,4262616,1K,in,client
PPR1.180610.011.A505USQU3ASL6, OPSS28.85-17-6, unknown, unknown, unknown,23, write_cmd,0,3971807,1K,in,client
PPR1.180610.011.A505USQU3ASL6, OPSS28.85-17-6, unknown, unknown, unknown,23, write_cmd,0,7680346,1K,in,client
PPR1.180610.011.A505USQU3ASL6, OPSS28.85-17-6, unknown, unknown, unknown,23, write_cmd,0,4581461,1K,in,client
PPR1.180610.011.A505USQU3ASL6, OPSS28.85-17-6, unknown, unknown, unknown,23, write_cmd,0,3360116,1K,in,client
PPR1.180610.011.A505USQU3ASL6, OPSS28.85-17-6, unknown, unknown, unknown,23, write_cmd,0,3673923,1K,in,client
PPR1.180610.011.A505USQU3ASL6, OPSS28.85-17-6, unknown, unknown, unknown,23, write_cmd,0,2894961,1K,in,client
PPR1.180610.011.A505USQU3ASL6, OPSS28.85-17-6, unknown, unknown, unknown,23, write_cmd,0,2977615,1K,in,client
PPR1.180610.011.A505USQU3ASL6, OPSS28.85-17-6, unknown, unknown, unknown,23, write_cmd,0,2550653,1K,in,client
PPR1.180610.011.A505USQU3ASL6, OPSS28.85-17-6, unknown, unknown, unknown,23, write_cmd,0,2220654,1K,in,client
PPR1.180610.011.A505USQU3ASL6, OPSS28.85-17-6, unknown, unknown, unknown,23, write_cmd,0,2574423,1K,in,client
PPR1.180610.011.A505USQU3ASL6, OPSS28.85-17-6, unknown, unknown, unknown,23, write_cmd,0,2760384,1K,in,client
PPR1.180610.011.A505USQU3ASL6, OPSS28.85-17-6, unknown, unknown, unknown,23, write_cmd,0,2815193,1K,in,client
PPR1.180610.011.A505USQU3ASL6, OPSS28.85-17-6, unknown, unknown, unknown,23, write_cmd,0,2781385,1K,in,client
PPR1.180610.011.A505USQU3ASL6, OPSS28.85-17-6, unknown, unknown, unknown,23, write_cmd,0,3107270,1K,in,client
PPR1.180610.011.A505USQU3ASL6, OPSS28.85-17-6, unknown, unknown, unknown,23, write_cmd,0,3133076,1K,in,client
PPR1.180610.011.A505USQU3ASL6, OPSS28.85-17-6, unknown, unknown, unknown,23, write_cmd,0,5165346,1K,in,client
PPR1.180610.011.A505USQU3ASL6, OPSS28.85-17-6, unknown, unknown, unknown,23, write_cmd,0,4089846,1K,in,client
PPR1.180610.011.A505USQU3ASL6, OPSS28.85-17-6, unknown, unknown, unknown,23, write_cmd,0,4703346,1K,in,client
PPR1.180610.011.A505USQU3ASL6, OPSS28.85-17-6, unknown, unknown, unknown,23, write_cmd,0,4316654,1K,in,client
PPR1.180610.011.A505USQU3ASL6, OPSS28.85-17-6, unknown, unknown, unknown,23, write_cmd,0,4315038,1K,in,client
PPR1.180610.011.A505USQU3ASL6, OPSS28.85-17-6, unknown, unknown, unknown,23, write_cmd,0,5854154,1K,in,client
PPR1.180610.011.A505USQU3ASL6, OPSS28.85-17-6, unknown, unknown, unknown,23, write_cmd,0,4982230,1K,in,client
PPR1.180610.011.A505USQU3ASL6, OPSS28.85-17-6, unknown, unknown, unknown,23, write_cmd,0,5314808,1K,in,client
PPR1.180610.011.A505USQU3ASL6, OPSS28.85-17-6, unknown, unknown, unknown,23, write_cmd,0,9136000,1K,in,client
PPR1.180610.011.A505USQU3ASL6, OPSS28.85-17-6, unknown, unknown, unknown,23, write_cmd,0,8945615,1K,in,client
PPR1.180610.011.A505USQU3ASL6, OPSS28.85-17-6, unknown, unknown, unknown,23, write_cmd,0,4513961,1K,in,client
PPR1.180610.011.A505USQU3ASL6, OPSS28.85-17-6, unknown, unknown, unknown,23, write_cmd,0,9827539,1K,in,client
PPR1.180610.011.A505USQU3ASL6, OPSS28.85-17-6, unknown, unknown, unknown,23, write_cmd,0,5739730,1K,in,client
PPR1.180610.011.A505USQU3ASL6, OPSS28.85-17-6, unknown, unknown, unknown,23, write_cmd,0,5899000,1K,in,client
PPR1.180610.011.A505USQU3ASL6, OPSS28.85-17-6, unknown, unknown, unknown,23, write_cmd,0,5872654,1K,in,client
PPR1.180610.011.A505USQU3ASL6, OPSS28.85-17-6, unknown, unknown, unknown,23, write_cmd,0,4823769,1K,in,client
PPR1.180610.011.A505USQU3ASL6, OPSS28.85-17-6, unknown, unknown, unknown,23, write_cmd,0,4331654,1K,in,client
PPR1.180610.011.A505USQU3ASL6, OPSS28.85-17-6, unknown, unknown, unknown,23, write_cmd,0,6151000,1K,in,client
PPR1.180610.011.A505USQU3ASL6, OPSS28.85-17-6, unknown, unknown, unknown,23, write_cmd,0,8337615,1K,in,client
PPR1.180610.011.A505USQU3ASL6, OPSS28.85-17-6, unknown, unknown, unknown,23, write_cmd,0,3365731,1K,in,client
PPR1.180610.011.A505USQU3ASL6, OPSS28.85-17-6, unknown, unknown, unknown,23, write_cmd,0,3473539,1K,in,client
PPR1.180610.011.A505USQU3ASL6, OPSS28.85-17-6, unknown, unknown, unknown,23, write_cmd,0,6562423,1K,in,client
PPR1.180610.011.A505USQU3ASL6, OPSS28.85-17-6, unknown, unknown, unknown,23, write_cmd,0,4397308,1K,in,client
PPR1.180610.011.A505USQU3ASL6, OPSS28.85-17-6, unknown, unknown, unknown,23, write_cmd,0,4002384,1K,in,client
PPR1.180610.011.A505USQU3ASL6, OPSS28.85-17-6, unknown, unknown, unknown,23, write_cmd,0,3957000,1K,in,client
PPR1.180610.011.A505USQU3ASL6, OPSS28.85-17-6, unknown, unknown, unknown,23, write_cmd,0,4455000,1K,in,client
PPR1.180610.011.A505USQU3ASL6, OPSS28.85-17-6, unknown, unknown, unknown,23, write_cmd,0,3565769,1K,in,client
PPR1.180610.011.A505USQU3ASL6, OPSS28.85-17-6, unknown, unknown, unknown,23, write_cmd,0,3484423,1K,in,client
PPR1.180610.011.A505USQU3ASL6, OPSS28.85-17-6, unknown, unknown, unknown,23, write_cmd,0,3695077,1K,in,client
PPR1.180610.011.A505USQU3ASL6, OPSS28.85-17-6, unknown, unknown, unknown,23, write_cmd,0,5288193,1K,in,client
PPR1.180610.011.A505USQU3ASL6, OPSS28.85-17-6, unknown, unknown, unknown,23, write_cmd,0,5079269,1K,in,client
PPR1.180610.011.A505USQU3ASL6, OPSS28.85-17-6, unknown, unknown, unknown,23, write_cmd,0,5348615,1K,in,client
PPR1.180610.011.A505USQU3ASL6, OPSS28.85-17-6, unknown, unknown, unknown,23, write_cmd,0,5393347,1K,in,client
PPR1.180610.011.A505USQU3ASL6, OPSS28.85-17-6, unknown, unknown, unknown,23, write_cmd,0,5452193,1K,in,client
PPR1.180610.011.A505USQU3ASL6, OPSS28.85-17-6, unknown, unknown, unknown,23, write_cmd,0,4985846,1K,in,client
PPR1.180610.011.A505USQU3ASL6, OPSS28.85-17-6, unknown, unknown, unknown,23, write_cmd,0,4689538,1K,in,client
PPR1.180610.011.A505USQU3ASL6, OPSS28.85-17-6, unknown, unknown, unknown,23, write_cmd,0,5213039,1K,in,client
PPR1.180610.011.A505USQU3ASL6, OPSS28.85-17-6, unknown, unknown, unknown,23, write_cmd,0,6110846,1K,in,client
PPR1.180610.011.A505USQU3ASL6, OPSS28.85-17-6, unknown, unknown, unknown,23, write_cmd,0,4961462,1K,in,client
PPR1.180610.011.A505USQU3ASL6, OPSS28.85-17-6, unknown, unknown, unknown,23, write_cmd,0,5488500,1K,in,client
PPR1.180610.011.A505USQU3ASL6, OPSS28.85-17-6, unknown, unknown, unknown,23, write_cmd,0,4427423,1K,in,client
